0 100000 9 5000 9000 171000 180 4 0 0 0 100 
1 10000 16 9000 16000 171000 177 7 0 0 0 100 
2 30000 20 16000 20000 171000 125 4 0 0 0 100 
3 100000 35 20000 35000 311000 175 15 0 0 0 100 
4 100000 51 35000 51000 362000 145 16 0 0 0 100 
5 100000 84 51000 84000 362000 164 33 0 0 0 100 
6 100000 127 84000 127000 362000 151 43 0 0 0 100 
7 100000 125 127000 51000 311000 40 18 20 0 0 78 
8 100000 119 125000 35000 276000 28 13 19 0 0 80 
9 100000 114 119000 35000 241000 29 15 20 0 0 84 
10 100000 105 114000 35000 206000 30 17 26 0 0 87 
11 100000 97 105000 35000 171000 33 13 21 0 0 95 
12 500000 171 97000 171000 855000 176 74 0 0 0 100 
13 1000000 285 171000 285000 1995000 166 114 0 0 0 100 
14 1000000 494 285000 494000 2983000 173 209 0 0 0 100 
15 1000000 826 494000 826000 3809000 167 332 0 0 0 100 
16 1000000 1390 826000 1390000 3809000 168 564 0 0 0 100 
17 1000000 1498 1390000 826000 2983000 59 314 206 0 0 71 
18 1000000 1398 1498000 494000 2489000 32 181 281 0 0 66 
19 1000000 1336 1398000 494000 1995000 35 186 248 0 0 71 
20 1000000 1197 1336000 285000 1710000 21 123 262 0 0 74 
21 1000000 1069 1197000 285000 1425000 23 107 235 0 0 83 
22 1000000 997 1069000 285000 1140000 26 122 194 0 0 93 
23 1000000 1662 997000 1662000 1140000 166 665 0 0 0 100 
24 1000000 1410 1662000 285000 855000 17 109 361 0 0 60 
25 1000000 1178 1410000 171000 684000 12 64 296 0 0 70 
26 1000000 1025 1178000 171000 513000 14 69 222 0 0 84 
27 300000 894 1025000 171000 342000 16 73 204 0 0 29 
28 300000 781 894000 171000 171000 19 66 179 0 0 33 
29 100000 587 781000 9000 162000 1 3 197 0 0 12 
30 50000 442 587000 9000 153000 1 2 147 0 0 8 
31 20000 347 442000 9000 144000 2 4 99 0 0 4 
32 10000 268 347000 9000 135000 2 5 84 0 0 2 
33 10000 199 268000 9000 126000 3 3 72 0 0 3 
34 10000 150 199000 9000 117000 4 1 50 0 0 5 
35 100000 118 150000 9000 108000 6 3 35 0 0 66 
36 200000 202 118000 202000 108000 171 84 0 0 0 100 
37 300000 354 202000 354000 108000 175 152 0 0 0 100 
38 400000 584 354000 584000 108000 164 230 0 0 0 100 
39 500000 459 584000 9000 99000 1 3 128 0 0 85 
40 600000 741 459000 741000 99000 161 282 0 0 0 100 
41 700000 585 741000 9000 90000 1 3 159 0 0 94 
42 800000 965 585000 965000 90000 164 380 0 0 0 100 
43 900000 754 965000 9000 81000 0 2 213 0 0 93 
44 1000000 1271 754000 1271000 81000 168 517 0 0 0 100 
45 960000 981 1271000 9000 72000 0 5 295 0 0 75 
46 970000 737 981000 9000 63000 0 4 248 0 0 98 
47 500000 577 737000 9000 54000 1 2 162 0 0 67 
48 500000 455 577000 9000 45000 1 3 125 0 0 86 
49 50000 352 455000 9000 36000 1 5 108 0 0 10 
50 1000000 569 352000 569000 605000 161 217 0 0 0 100 
51 50000 758 569000 569000 36000 100 243 54 0 0 8 
52 1000000 1297 758000 1297000 36000 171 539 0 0 0 100 
53 50000 991 1297000 9000 27000 0 4 310 0 0 3 
54 1000000 1671 991000 1671000 27000 168 680 0 0 0 100 
55 50000 1270 1671000 9000 18000 0 4 405 0 0 2 
56 1000000 991 1270000 9000 9000 0 4 283 0 0 78 
57 30000 752 991000 9000 0 0 3 242 0 0 3 
58 30000 573 752000 0 0 0 0 179 0 0 3 
59 30000 435 573000 0 0 0 0 138 0 0 5 
60 30000 330 435000 0 0 0 0 105 0 0 6 
61 30000 251 330000 0 0 0 0 79 0 0 9 
62 30000 197 251000 0 0 0 0 54 0 0 11 
63 30000 159 197000 0 0 0 0 38 0 0 15 
64 30000 120 159000 0 0 0 0 39 0 0 18 
65 30000 95 120000 0 0 0 0 25 0 0 25 
66 30000 79 95000 0 0 0 0 16 0 0 31 
67 30000 59 79000 0 0 0 0 20 0 0 37 
68 30000 49 59000 0 0 0 0 10 0 0 50 
69 30000 42 49000 0 0 0 0 7 0 0 61 
70 30000 37 42000 0 0 0 0 5 0 0 71 
71 30000 29 37000 0 0 0 0 8 0 0 81 
72 30000 45 29000 45000 0 155 16 0 0 0 100 
73 30000 35 45000 0 0 0 0 10 0 0 66 
74 30000 27 35000 0 0 0 0 8 0 0 85 
75 500000 43 27000 43000 731000 159 16 0 0 0 100 
76 500000 78 43000 78000 1511000 181 35 0 0 0 100 
77 500000 122 78000 122000 2121000 156 44 0 0 0 100 
78 500000 198 122000 198000 2715000 162 76 0 0 0 100 
79 500000 307 198000 307000 3022000 155 109 0 0 0 100 
80 500000 516 307000 516000 3022000 168 209 0 0 0 100 
81 500000 572 516000 307000 2715000 59 129 73 0 0 96 
82 500000 557 572000 198000 2517000 34 87 102 0 0 87 
83 500000 535 557000 198000 2319000 35 70 92 0 0 89 
84 500000 518 535000 198000 2121000 37 81 98 0 0 93 
85 500000 456 518000 122000 1999000 23 38 100 0 0 96 
86 500000 751 456000 751000 1999000 164 295 0 0 0 100 
87 500000 653 751000 122000 1877000 16 53 151 0 0 66 
88 500000 574 653000 122000 1755000 18 45 124 0 0 76 
89 500000 513 574000 122000 1633000 21 55 116 0 0 87 
90 900000 802 513000 802000 1633000 156 289 0 0 0 100 
91 1000000 1345 802000 1345000 1633000 167 543 0 0 0 100 
92 1000000 1100 1345000 122000 1511000 9 55 300 0 0 74 
93 1000000 916 1100000 78000 1433000 7 37 221 0 0 90 
94 1000000 1516 916000 1516000 1433000 165 600 0 0 0 100 
95 1000000 1186 1516000 78000 1355000 5 21 351 0 0 65 
96 1000000 952 1186000 78000 1277000 6 31 265 0 0 84 
97 1000000 1612 952000 1612000 1277000 169 660 0 0 0 100 
98 1000000 1286 1612000 78000 1199000 4 26 352 0 0 62 
99 1000000 1042 1286000 78000 1121000 6 31 275 0 0 77 
100 1000000 842 1042000 78000 1043000 7 32 232 0 0 95 
101 250000 688 842000 78000 965000 9 37 191 0 0 29 
102 200000 585 688000 78000 887000 11 36 139 0 0 29 
103 200000 480 585000 78000 809000 13 26 131 0 0 34 
104 200000 409 480000 78000 731000 16 29 100 0 0 41 
105 100000 331 409000 43000 688000 10 18 96 0 0 24 
106 100000 282 331000 43000 645000 12 15 64 0 0 30 
107 100000 236 282000 43000 602000 15 20 66 0 0 35 
108 100000 207 236000 43000 559000 18 19 48 0 0 42 
109 100000 189 207000 43000 516000 20 22 40 0 0 48 
110 100000 163 189000 43000 473000 22 17 43 0 0 52 
111 100000 147 163000 43000 430000 26 12 28 0 0 61 
112 100000 135 147000 43000 387000 29 16 28 0 0 68 
113 100000 127 135000 43000 344000 31 19 27 0 0 74 
114 100000 126 127000 43000 301000 33 22 23 0 0 78 
115 100000 115 126000 43000 258000 34 11 22 0 0 79 
116 150000 190 115000 190000 258000 165 75 0 0 0 100 
117 150000 170 190000 43000 215000 22 13 33 0 0 78 
118 50000 153 170000 43000 172000 25 17 34 0 0 29 
119 50000 141 153000 43000 129000 28 16 28 0 0 32 
120 50000 131 141000 43000 86000 30 17 27 0 0 35 
121 50000 122 131000 43000 43000 32 17 26 0 0 38 
122 50000 119 122000 43000 0 35 18 21 0 0 40 
123 50000 92 119000 0 0 0 0 27 0 0 42 
124 50000 73 92000 0 0 0 0 19 0 0 54 
125 50000 61 73000 0 0 0 0 12 0 0 68 
126 50000 49 61000 0 0 0 0 12 0 0 81 
127 50000 85 49000 85000 0 173 36 0 0 0 100 
128 50000 69 85000 0 0 0 0 16 0 0 58 
129 1000000 108 69000 108000 1404000 156 39 0 0 0 100 
130 50000 151 108000 108000 1296000 100 57 14 0 0 46 
131 50000 171 151000 108000 1188000 71 39 19 0 0 33 
132 50000 184 171000 108000 1080000 63 39 26 0 0 29 
133 50000 192 184000 108000 972000 58 33 25 0 0 27 
134 50000 208 192000 108000 864000 56 41 25 0 0 26 
135 50000 218 208000 108000 756000 51 44 34 0 0 24 
136 50000 221 218000 108000 648000 49 43 40 0 0 22 
137 50000 224 221000 108000 540000 48 42 39 0 0 22 
138 50000 229 224000 108000 432000 48 44 39 0 0 22 
139 50000 233 229000 108000 324000 47 42 38 0 0 21 
140 100000 227 233000 108000 216000 46 40 46 0 0 42 
141 100000 233 227000 108000 108000 47 44 38 0 0 44 
142 200000 237 233000 108000 0 46 40 36 0 0 85 
143 200000 181 237000 0 0 0 0 56 0 0 84 
144 300000 297 181000 297000 0 164 116 0 0 0 100 
145 300000 526 297000 526000 0 177 229 0 0 0 100 
146 400000 402 526000 0 0 0 0 124 0 0 76 
147 400000 322 402000 0 0 0 0 80 0 0 99 
148 500000 554 322000 554000 0 172 232 0 0 0 100 
149 500000 443 554000 0 0 0 0 111 0 0 90 
150 600000 747 443000 747000 0 168 304 0 0 0 100 
151 600000 579 747000 0 0 0 0 168 0 0 80 
152 700000 991 579000 991000 0 171 412 0 0 0 100 
153 700000 743 991000 0 0 0 0 248 0 0 70 
154 800000 1258 743000 1258000 0 169 515 0 0 0 100 
155 800000 986 1258000 0 0 0 0 272 0 0 63 
156 900000 767 986000 0 0 0 0 219 0 0 91 
157 900000 1237 767000 1237000 0 161 470 0 0 0 100 
158 100000 955 1237000 0 0 0 0 282 0 0 8 
159 100000 735 955000 0 0 0 0 220 0 0 10 
160 100000 579 735000 0 0 0 0 156 0 0 13 
161 100000 446 579000 0 0 0 0 133 0 0 17 
162 100000 340 446000 0 0 0 0 106 0 0 22 
163 100000 274 340000 0 0 0 0 66 0 0 29 
164 100000 217 274000 0 0 0 0 57 0 0 36 
165 500000 372 217000 372000 372000 171 155 0 0 0 100 
166 600000 626 372000 626000 372000 168 254 0 0 0 100 
167 700000 1025 626000 1025000 372000 163 399 0 0 0 100 
168 800000 985 1025000 372000 0 36 151 191 0 0 78 
169 850000 756 985000 0 0 0 0 229 0 0 86 
170 850000 1266 756000 1266000 0 167 510 0 0 0 100 
171 850000 958 1266000 0 0 0 0 308 0 0 67 
172 600000 759 958000 0 0 0 0 199 0 0 62 
173 600000 588 759000 0 0 0 0 171 0 0 79 
174 600000 978 588000 978000 0 166 390 0 0 0 100 
175 500000 752 978000 0 0 0 0 226 0 0 51 
176 300000 595 752000 0 0 0 0 157 0 0 39 
177 300000 446 595000 0 0 0 0 149 0 0 50 
178 700000 734 446000 734000 0 164 288 0 0 0 100 
179 730000 563 734000 0 0 0 0 171 0 0 99 
180 750000 952 563000 952000 0 169 389 0 0 0 100 
181 760000 729 952000 0 0 0 0 223 0 0 79 
182 770000 1191 729000 1191000 0 163 462 0 0 0 100 
183 780000 897 1191000 0 0 0 0 294 0 0 65 
184 500000 693 897000 0 0 0 0 204 0 0 55 
185 100000 531 693000 0 0 0 0 162 0 0 14 
186 100000 401 531000 0 0 0 0 130 0 0 18 
187 100000 302 401000 0 0 0 0 99 0 0 24 
188 100000 233 302000 0 0 0 0 69 0 0 33 
189 100000 185 233000 0 0 0 0 48 0 0 42 
190 100000 147 185000 0 0 0 0 38 0 0 54 
191 100000 112 147000 0 0 0 0 35 0 0 68 
192 100000 86 112000 0 0 0 0 26 0 0 89 
193 100000 152 86000 152000 0 176 66 0 0 0 100 
194 100000 115 152000 0 0 0 0 37 0 0 65 
195 100000 87 115000 0 0 0 0 28 0 0 86 
196 100000 161 87000 161000 0 185 74 0 0 0 100 
