0 10 2 2000 1000.0 0 50.0 0 0 0 0 50.0 
1 1 2 2000 0.0 0 0.0 0 0 0 0 5.0 
2 3 2 2000 200.0 0 10.0 0 0 0 0 15.0 
3 10 2 2000 1000.0 0 50.0 0 0 0 0 50.0 
4 10 2 2000 1000.0 0 50.0 0 0 0 0 50.0 
5 10 2 2000 1000.0 0 50.0 0 0 0 0 50.0 
6 10 2 2000 1000.0 0 50.0 0 0 0 0 50.0 
7 10 2 2000 1000.0 0 50.0 0 0 0 0 50.0 
8 10 2 2000 1000.0 0 50.0 0 0 0 0 50.0 
9 10 2 2000 1000.0 0 50.0 0 0 0 0 50.0 
10 10 2 2000 1000.0 0 50.0 0 0 0 0 50.0 
11 10 2 2000 1000.0 0 50.0 0 0 0 0 50.0 
12 50 22 22000 22000.0 33000 100.0 20 0 0 0 22.727272727272727 
13 100 33 33000 26400.0 19800 80.0 22 11 0 0 30.303030303030305 
14 100 39 39000 27100.0 4400 69.48717948717949 22 16 0 0 25.641025641025642 
15 100 21 21000 6800.0 0 32.38095238095238 0 18 0 0 47.61904761904762 
16 100 12 13000 6200.0 0 47.69230769230769 0 9 0 0 76.92307692307692 
17 100 11 12000 10400.0 0 86.66666666666667 4 5 0 0 83.33333333333333 
18 100 7 7000 6300.0 0 90.0 0 4 0 0 142.85714285714286 
19 100 122 122000 122000.0 48800 100.0 115 0 0 0 8.19672131147541 
20 100 64 64000 25600.0 0 40.0 0 58 0 0 15.625 
21 100 34 34000 14600.0 0 42.94117647058823 0 30 0 0 29.41176470588235 
22 100 19 19000 10200.0 0 53.68421052631579 0 15 0 0 52.63157894736842 
23 100 11 11000 8700.0 0 79.0909090909091 0 8 0 0 90.9090909090909 
24 100 13 13000 12300.0 1800 94.61538461538461 6 4 0 0 76.92307692307692 
25 100 15 15000 12300.0 0 82.0 6 4 0 0 66.66666666666667 
26 100 9 9000 5400.0 0 60.0 0 6 0 0 111.11111111111111 
27 30 6 6000 1800.0 0 30.0 0 3 0 0 50.0 
28 30 4 5000 2500.0 0 50.0 0 2 0 0 60.0 
29 10 3 4000 800.0 0 20.0 0 1 0 0 25.0 
30 5 3 3000 300.0 0 10.0 0 0 0 0 16.666666666666668 
31 2 3 3000 0.0 0 0.0 0 0 0 0 6.666666666666667 
32 1 3 3000 0.0 0 0.0 0 0 0 0 3.3333333333333335 
33 1 3 3000 0.0 0 0.0 0 0 0 0 3.3333333333333335 
34 1 3 3000 0.0 0 0.0 0 0 0 0 3.3333333333333335 
35 10 3 3000 900.0 0 30.0 0 0 0 0 33.333333333333336 
36 20 3 3000 1800.0 0 60.0 0 0 0 0 66.66666666666667 
37 30 54 54000 54000.0 0 100.0 51 0 0 0 5.555555555555555 
38 40 29 29000 0.0 0 0.0 0 25 0 0 13.793103448275861 
39 50 17 17000 1700.0 0 10.0 0 12 0 0 29.41176470588235 
40 60 10 10000 3000.0 0 30.0 0 7 0 0 60.0 
41 70 7 7000 4900.0 0 70.0 0 3 0 0 100.0 
42 80 59 59000 59000.0 5900 100.0 52 0 0 0 13.559322033898304 
43 90 31 31000 6200.0 0 20.0 0 28 0 0 29.032258064516128 
44 100 17 17000 6500.0 0 38.23529411764706 0 14 0 0 58.8235294117647 
45 96 10 10000 5700.0 0 57.0 0 7 0 0 96.0 
46 97 13 14000 13300.0 0 95.0 7 4 0 0 69.28571428571429 
47 50 8 9000 2700.0 0 30.0 0 5 0 0 55.55555555555556 
48 50 5 6000 3600.0 0 60.0 0 3 0 0 83.33333333333333 
49 5 4 4000 400.0 0 10.0 0 1 0 0 12.5 
50 100 60 60000 60000.0 90000 100.0 56 0 0 0 16.666666666666668 
51 5 90 91000 60000.0 30000 65.93406593406593 59 29 0 0 0.5494505494505495 
52 100 48 48000 21300.0 0 44.375 0 42 0 0 20.833333333333332 
53 5 27 27000 7000.0 0 25.925925925925927 0 21 0 0 1.8518518518518519 
54 100 15 16000 8800.0 0 55.0 0 12 0 0 62.5 
55 5 9 9000 1000.0 0 11.11111111111111 0 6 0 0 5.555555555555555 
56 100 157 157000 157000.0 17200 100.0 148 0 0 0 6.369426751592357 
57 3 83 84000 9400.0 0 11.19047619047619 0 74 0 0 0.35714285714285715 
58 3 44 44000 4100.0 0 9.318181818181818 0 39 0 0 0.6818181818181818 
59 3 23 24000 1800.0 0 7.5 0 21 0 0 1.25 
60 3 13 14000 1000.0 0 7.142857142857143 0 10 0 0 2.142857142857143 
61 3 8 8000 500.0 0 6.25 0 5 0 0 3.75 
62 3 5 6000 300.0 0 5.0 0 3 0 0 5.0 
63 3 4 4000 100.0 0 2.5 0 1 0 0 7.5 
64 3 3 4000 0.0 0 0.0 0 1 0 0 7.5 
65 3 3 3000 300.0 0 10.0 0 0 0 0 10.0 
66 3 3 3000 300.0 0 10.0 0 0 0 0 10.0 
67 3 3 3000 300.0 0 10.0 0 0 0 0 10.0 
68 3 3 3000 300.0 0 10.0 0 0 0 0 10.0 
69 3 3 3000 300.0 0 10.0 0 0 0 0 10.0 
70 3 3 3000 300.0 0 10.0 0 0 0 0 10.0 
71 3 3 3000 300.0 0 10.0 0 0 0 0 10.0 
72 3 3 3000 300.0 0 10.0 0 0 0 0 10.0 
73 3 3 3000 300.0 0 10.0 0 0 0 0 10.0 
74 3 3 3000 300.0 0 10.0 0 0 0 0 10.0 
75 50 49 49000 49000.0 29400 100.0 46 0 0 0 10.204081632653061 
76 50 27 27000 18900.0 0 70.0 0 22 0 0 18.51851851851852 
77 50 15 16000 8800.0 0 55.0 0 12 0 0 31.25 
78 50 9 9000 5700.0 0 63.333333333333336 0 6 0 0 55.55555555555556 
79 50 10 10000 7000.0 400 70.0 4 3 0 0 50.0 
80 50 7 8000 4700.0 100 58.75 1 4 0 0 62.5 
81 50 5 5000 3700.0 0 74.0 0 2 0 0 100.0 
82 50 68 68000 68000.0 100 100.0 63 0 0 0 7.352941176470588 
83 50 36 36000 100.0 0 0.2777777777777778 0 32 0 0 13.88888888888889 
84 50 20 20000 2000.0 0 10.0 0 16 0 0 25.0 
85 50 12 12000 2400.0 0 20.0 0 8 0 0 41.666666666666664 
86 50 7 8000 3200.0 0 40.0 0 5 0 0 62.5 
87 50 5 6000 4200.0 0 70.0 0 2 0 0 83.33333333333333 
88 50 75 75000 75000.0 0 100.0 70 0 0 0 6.666666666666667 
89 50 39 40000 0.0 0 0.0 0 36 0 0 12.5 
90 90 21 22000 4400.0 0 20.0 0 18 0 0 40.90909090909091 
91 100 12 13000 5200.0 0 40.0 0 9 0 0 76.92307692307692 
92 100 7 8000 6400.0 0 80.0 0 5 0 0 125.0 
93 100 95 95000 95000.0 38000 100.0 88 0 0 0 10.526315789473685 
94 100 50 50000 25000.0 0 50.0 0 45 0 0 20.0 
95 100 26 27000 14600.0 0 54.074074074074076 0 24 0 0 37.03703703703704 
96 100 15 15000 8900.0 0 59.333333333333336 0 11 0 0 66.66666666666667 
97 100 18 19000 15400.0 0 81.05263157894737 9 6 0 0 52.63157894736842 
98 100 11 11000 5500.0 0 50.0 0 7 0 0 90.9090909090909 
99 100 7 7000 6300.0 0 90.0 0 4 0 0 142.85714285714286 
100 100 125 125000 125000.0 50400 100.0 118 0 0 0 8.0 
101 25 64 65000 26000.0 0 40.0 0 61 0 0 3.8461538461538463 
102 20 34 34000 12400.0 0 36.470588235294116 0 30 0 0 5.882352941176471 
103 20 19 19000 6400.0 0 33.68421052631579 0 15 0 0 10.526315789473685 
104 20 11 11000 3500.0 0 31.818181818181817 0 8 0 0 18.181818181818183 
105 10 7 7000 1600.0 0 22.857142857142858 0 4 0 0 14.285714285714286 
106 10 5 5000 1300.0 0 26.0 0 2 0 0 20.0 
107 10 4 4000 1200.0 0 30.0 0 1 0 0 25.0 
108 10 3 4000 1200.0 0 30.0 0 1 0 0 25.0 
109 10 3 3000 900.0 0 30.0 0 0 0 0 33.333333333333336 
110 10 3 3000 900.0 0 30.0 0 0 0 0 33.333333333333336 
111 10 3 3000 900.0 0 30.0 0 0 0 0 33.333333333333336 
112 10 3 3000 900.0 0 30.0 0 0 0 0 33.333333333333336 
113 10 3 3000 900.0 0 30.0 0 0 0 0 33.333333333333336 
114 10 3 3000 900.0 0 30.0 0 0 0 0 33.333333333333336 
115 10 3 3000 900.0 0 30.0 0 0 0 0 33.333333333333336 
116 15 3 3000 1500.0 0 50.0 0 0 0 0 50.0 
117 15 3 3000 1500.0 0 50.0 0 0 0 0 50.0 
118 5 3 3000 300.0 0 10.0 0 0 0 0 16.666666666666668 
119 5 3 3000 300.0 0 10.0 0 0 0 0 16.666666666666668 
120 5 3 3000 300.0 0 10.0 0 0 0 0 16.666666666666668 
121 5 3 3000 300.0 0 10.0 0 0 0 0 16.666666666666668 
122 5 3 3000 300.0 0 10.0 0 0 0 0 16.666666666666668 
123 5 3 3000 300.0 0 10.0 0 0 0 0 16.666666666666668 
124 5 3 3000 300.0 0 10.0 0 0 0 0 16.666666666666668 
125 5 3 3000 300.0 0 10.0 0 0 0 0 16.666666666666668 
126 5 3 3000 300.0 0 10.0 0 0 0 0 16.666666666666668 
127 5 3 3000 300.0 0 10.0 0 0 0 0 16.666666666666668 
128 5 3 3000 300.0 0 10.0 0 0 0 0 16.666666666666668 
129 100 6 6000 6000.0 13800 100.0 3 0 0 0 166.66666666666666 
130 5 9 9000 6000.0 7800 66.66666666666667 6 3 0 0 5.555555555555555 
131 5 10 11000 6000.0 1800 54.54545454545455 6 5 0 0 4.545454545454546 
132 5 6 7000 1500.0 0 21.428571428571427 0 4 0 0 7.142857142857143 
133 5 4 5000 300.0 0 6.0 0 2 0 0 10.0 
134 5 3 4000 400.0 0 10.0 0 1 0 0 12.5 
135 5 3 3000 300.0 0 10.0 0 0 0 0 16.666666666666668 
136 5 3 3000 300.0 0 10.0 0 0 0 0 16.666666666666668 
137 5 3 3000 300.0 0 10.0 0 0 0 0 16.666666666666668 
138 5 3 3000 300.0 0 10.0 0 0 0 0 16.666666666666668 
139 5 3 3000 300.0 0 10.0 0 0 0 0 16.666666666666668 
140 10 3 3000 900.0 0 30.0 0 0 0 0 33.333333333333336 
141 10 3 3000 900.0 0 30.0 0 0 0 0 33.333333333333336 
142 20 3 3000 1800.0 0 60.0 0 0 0 0 66.66666666666667 
143 20 3 3000 1800.0 0 60.0 0 0 0 0 66.66666666666667 
144 30 76 76000 76000.0 0 100.0 73 0 0 0 3.9473684210526314 
145 30 42 42000 0.0 0 0.0 0 34 0 0 7.142857142857143 
146 40 23 23000 0.0 0 0.0 0 19 0 0 17.391304347826086 
147 40 13 14000 1400.0 0 10.0 0 10 0 0 28.571428571428573 
148 50 8 8000 2400.0 0 30.0 0 5 0 0 62.5 
149 50 5 6000 3600.0 0 60.0 0 3 0 0 83.33333333333333 
150 60 86 86000 86000.0 17200 100.0 81 0 0 0 6.976744186046512 
151 60 45 45000 9000.0 0 20.0 0 41 0 0 13.333333333333334 
152 70 25 25000 6900.0 0 27.6 0 20 0 0 28.0 
153 70 15 15000 5200.0 0 34.666666666666664 0 10 0 0 46.666666666666664 
154 80 10 10000 6000.0 0 60.0 0 5 0 0 80.0 
155 80 7 8000 6600.0 0 82.5 1 4 0 0 100.0 
156 90 79 79000 79000.0 16200 100.0 72 0 0 0 11.39240506329114 
157 90 41 42000 12800.0 0 30.476190476190474 0 38 0 0 21.428571428571427 
158 10 23 23000 4000.0 0 17.391304347826086 0 18 0 0 4.3478260869565215 
159 10 13 13000 1800.0 0 13.846153846153847 0 10 0 0 7.6923076923076925 
160 10 8 9000 1200.0 0 13.333333333333334 0 5 0 0 11.11111111111111 
161 10 5 6000 1000.0 0 16.666666666666668 0 3 0 0 16.666666666666668 
162 10 4 4000 800.0 0 20.0 0 1 0 0 25.0 
163 10 3 4000 1000.0 0 25.0 0 1 0 0 25.0 
164 10 3 3000 900.0 0 30.0 0 0 0 0 33.333333333333336 
165 50 62 62000 62000.0 37200 100.0 59 0 0 0 8.064516129032258 
166 60 33 33000 19800.0 0 60.0 0 29 0 0 18.181818181818183 
167 70 18 18000 12000.0 0 66.66666666666667 0 15 0 0 38.888888888888886 
168 80 25 25000 19000.0 0 76.0 14 7 0 0 32.0 
169 85 15 16000 4800.0 0 30.0 0 10 0 0 53.125 
170 85 9 9000 4500.0 0 50.0 0 6 0 0 94.44444444444444 
171 85 6 6000 5400.0 0 90.0 0 3 0 0 141.66666666666666 
172 60 151 151000 151000.0 0 100.0 145 0 0 0 3.9735099337748343 
173 60 79 79000 0.0 0 0.0 0 72 0 0 7.594936708860759 
174 60 41 41000 0.0 0 0.0 0 38 0 0 14.634146341463415 
175 50 22 22000 2200.0 0 10.0 0 19 0 0 22.727272727272727 
176 30 12 13000 1300.0 0 10.0 0 10 0 0 23.076923076923077 
177 30 7 8000 1600.0 0 20.0 0 5 0 0 37.5 
178 70 201 201000 201000.0 0 100.0 194 0 0 0 3.482587064676617 
179 73 106 106000 0.0 0 0.0 0 95 0 0 6.886792452830188 
180 75 56 56000 0.0 0 0.0 0 50 0 0 13.392857142857142 
181 76 29 30000 3000.0 0 10.0 0 27 0 0 25.333333333333332 
182 77 16 16000 3200.0 0 20.0 0 13 0 0 48.125 
183 78 9 10000 4000.0 0 40.0 0 7 0 0 78.0 
184 50 6 6000 3000.0 0 50.0 0 3 0 0 83.33333333333333 
185 10 4 5000 500.0 0 10.0 0 2 0 0 20.0 
186 10 3 4000 800.0 0 20.0 0 1 0 0 25.0 
187 10 3 3000 900.0 0 30.0 0 0 0 0 33.333333333333336 
188 10 3 3000 900.0 0 30.0 0 0 0 0 33.333333333333336 
189 10 3 3000 900.0 0 30.0 0 0 0 0 33.333333333333336 
190 10 3 3000 900.0 0 30.0 0 0 0 0 33.333333333333336 
191 10 3 3000 900.0 0 30.0 0 0 0 0 33.333333333333336 
192 10 3 3000 900.0 0 30.0 0 0 0 0 33.333333333333336 
193 10 3 3000 900.0 0 30.0 0 0 0 0 33.333333333333336 
194 10 3 3000 900.0 0 30.0 0 0 0 0 33.333333333333336 
195 10 3 3000 900.0 0 30.0 0 0 0 0 33.333333333333336 
196 10 3 3000 900.0 0 30.0 0 0 0 0 33.333333333333336 
197 50 84 84000 84000.0 50400 100.0 81 0 0 0 5.9523809523809526 
198 100 44 44000 30800.0 0 70.0 0 40 0 0 22.727272727272727 
199 100 24 24000 16800.0 0 70.0 0 20 0 0 41.666666666666664 
200 100 32 32000 24200.0 0 75.625 18 10 0 0 31.25 
201 100 17 18000 6000.0 0 33.333333333333336 0 15 0 0 55.55555555555556 
202 100 10 11000 5500.0 0 50.0 0 7 0 0 90.9090909090909 
203 100 79 79000 79000.0 0 100.0 69 0 0 0 12.658227848101266 
204 100 43 43000 4300.0 0 10.0 0 36 0 0 23.25581395348837 
205 100 23 24000 4800.0 0 20.0 0 20 0 0 41.666666666666664 
206 100 13 13000 5200.0 0 40.0 0 10 0 0 76.92307692307692 
207 100 8 8000 5600.0 0 70.0 0 5 0 0 125.0 
208 100 176 176000 176000.0 35200 100.0 168 0 0 0 5.681818181818182 
209 100 91 92000 18400.0 0 20.0 0 85 0 0 10.869565217391305 
210 100 47 48000 13400.0 0 27.916666666666668 0 44 0 0 20.833333333333332 
211 100 25 25000 9000.0 0 36.0 0 22 0 0 40.0 
212 99 14 14000 6400.0 0 45.714285714285715 0 11 0 0 70.71428571428571 
213 98 9 9000 7300.0 0 81.11111111111111 0 5 0 0 108.88888888888889 
214 97 248 248000 248000.0 1000 100.0 239 0 0 0 3.911290322580645 
215 96 130 131000 800.0 0 0.6106870229007634 0 118 0 0 7.32824427480916 
216 95 68 69000 0.0 0 0.0 0 62 0 0 13.768115942028986 
217 94 35 36000 3800.0 0 10.555555555555555 0 33 0 0 26.11111111111111 
218 93 19 19000 3800.0 0 20.0 0 16 0 0 48.94736842105263 
219 92 11 11000 4400.0 0 40.0 0 8 0 0 83.63636363636364 
220 91 7 7000 5600.0 0 80.0 0 4 0 0 130.0 
221 90 116 116000 116000.0 23200 100.0 109 0 0 0 7.758620689655173 
222 89 61 61000 12200.0 0 20.0 0 55 0 0 14.59016393442623 
223 88 32 33000 9100.0 0 27.575757575757574 0 29 0 0 26.666666666666668 
224 87 17 18000 6400.0 0 35.55555555555556 0 15 0 0 48.333333333333336 
225 86 10 10000 6000.0 0 60.0 0 7 0 0 86.0 
226 85 13 13000 11800.0 0 90.76923076923077 6 3 0 0 65.38461538461539 
227 84 8 8000 4800.0 0 60.0 0 5 0 0 105.0 
228 83 140 140000 140000.0 0 100.0 132 0 0 0 5.928571428571429 
229 82 73 73000 0.0 0 0.0 0 67 0 0 11.232876712328768 
230 81 39 39000 3900.0 0 10.0 0 34 0 0 20.76923076923077 
231 80 21 21000 4200.0 0 20.0 0 18 0 0 38.095238095238095 
232 79 12 12000 3600.0 0 30.0 0 9 0 0 65.83333333333333 
233 78 7 8000 4800.0 0 60.0 0 5 0 0 97.5 
234 77 137 137000 137000.0 13700 100.0 130 0 0 0 5.62043795620438 
235 76 73 74000 7400.0 0 10.0 0 64 0 0 10.27027027027027 
236 75 39 39000 7100.0 0 18.205128205128204 0 34 0 0 19.23076923076923 
237 74 21 22000 3800.0 0 17.272727272727273 0 18 0 0 33.63636363636363 
238 73 12 12000 4300.0 0 35.833333333333336 0 9 0 0 60.833333333333336 
239 72 7 8000 5200.0 0 65.0 0 5 0 0 90.0 
240 71 79 79000 79000.0 400 100.0 72 0 0 0 8.987341772151899 
241 70 42 43000 200.0 0 0.46511627906976744 0 37 0 0 16.27906976744186 
242 69 23 23000 2400.0 0 10.434782608695652 0 19 0 0 30.0 
243 68 13 13000 2700.0 0 20.76923076923077 0 10 0 0 52.30769230769231 
244 67 8 9000 4500.0 0 50.0 0 5 0 0 74.44444444444444 
245 66 5 6000 4800.0 0 80.0 0 3 0 0 110.0 
246 65 48 48000 48000.0 14400 100.0 43 0 0 0 13.541666666666666 
247 64 25 26000 10400.0 0 40.0 0 23 0 0 24.615384615384617 
248 63 14 14000 6100.0 0 43.57142857142857 0 11 0 0 45.0 
249 62 8 9000 5400.0 0 60.0 0 6 0 0 68.88888888888889 
250 61 10 11000 9200.0 0 83.63636363636364 5 3 0 0 55.45454545454545 
251 60 6 7000 4200.0 0 60.0 0 4 0 0 85.71428571428571 
252 59 4 5000 4500.0 0 90.0 0 2 0 0 118.0 
253 58 69 69000 69000.0 27600 100.0 65 0 0 0 8.405797101449275 
254 57 36 37000 14800.0 0 40.0 0 33 0 0 15.405405405405405 
255 56 19 20000 8800.0 0 44.0 0 17 0 0 28.0 
256 55 11 12000 5600.0 0 46.666666666666664 0 8 0 0 45.833333333333336 
257 54 7 7000 4000.0 0 57.142857142857146 0 4 0 0 77.14285714285714 
258 53 9 9000 7500.0 400 83.33333333333333 4 2 0 0 58.888888888888886 
259 52 6 6000 3200.0 0 53.333333333333336 0 3 0 0 86.66666666666667 
260 51 4 5000 4100.0 0 82.0 0 2 0 0 102.0 
261 50 50 50000 50000.0 10100 100.0 46 0 0 0 10.0 
262 49 27 27000 5500.0 0 20.37037037037037 0 23 0 0 18.14814814814815 
263 48 15 15000 3700.0 0 24.666666666666668 0 12 0 0 32.0 
264 47 9 9000 3900.0 0 43.333333333333336 0 6 0 0 52.22222222222222 
265 46 6 6000 3600.0 0 60.0 0 3 0 0 76.66666666666667 
266 45 4 5000 3900.0 0 78.0 0 2 0 0 90.0 
267 44 109 109000 109000.0 11100 100.0 105 0 0 0 4.036697247706422 
268 43 58 58000 6000.0 0 10.344827586206897 0 51 0 0 7.413793103448276 
269 42 30 31000 2500.0 0 8.064516129032258 0 28 0 0 13.548387096774194 
270 41 16 17000 3000.0 0 17.647058823529413 0 14 0 0 24.11764705882353 
271 40 9 10000 2700.0 0 27.0 0 7 0 0 40.0 
272 39 6 6000 2700.0 0 45.0 0 3 0 0 65.0 
273 38 4 5000 3200.0 0 64.0 0 2 0 0 76.0 
274 37 4 5000 4600.0 0 92.0 1 1 0 0 74.0 
275 36 3 4000 3600.0 0 90.0 0 1 0 0 90.0 
276 35 82 82000 82000.0 8200 100.0 79 0 0 0 4.2682926829268295 
277 34 44 44000 4400.0 0 10.0 0 38 0 0 7.7272727272727275 
278 33 24 25000 2000.0 0 8.0 0 20 0 0 13.2 
279 32 13 14000 2400.0 0 17.142857142857142 0 11 0 0 22.857142857142858 
280 31 8 8000 2000.0 0 25.0 0 5 0 0 38.75 
281 30 6 6000 2000.0 0 33.333333333333336 0 2 0 0 50.0 
282 29 4 5000 2200.0 0 44.0 0 2 0 0 58.0 
283 28 3 4000 2800.0 0 70.0 0 1 0 0 70.0 
284 27 3 3000 2700.0 0 90.0 0 0 0 0 90.0 
285 26 3 3000 2400.0 0 80.0 0 0 0 0 86.66666666666667 
286 25 3 3000 2400.0 0 80.0 0 0 0 0 83.33333333333333 
287 24 3 3000 2400.0 0 80.0 0 0 0 0 80.0 
288 23 3 3000 2100.0 0 70.0 0 0 0 0 76.66666666666667 
289 22 3 3000 2100.0 0 70.0 0 0 0 0 73.33333333333333 
290 21 3 3000 2100.0 0 70.0 0 0 0 0 70.0 
291 20 3 3000 1800.0 0 60.0 0 0 0 0 66.66666666666667 
292 19 3 3000 1800.0 0 60.0 0 0 0 0 63.333333333333336 
293 18 3 3000 1800.0 0 60.0 0 0 0 0 60.0 
294 17 3 3000 1500.0 0 50.0 0 0 0 0 56.666666666666664 
295 16 3 3000 1500.0 0 50.0 0 0 0 0 53.333333333333336 
296 15 3 3000 1500.0 0 50.0 0 0 0 0 50.0 
297 14 3 3000 1200.0 0 40.0 0 0 0 0 46.666666666666664 
298 13 3 3000 1200.0 0 40.0 0 0 0 0 43.333333333333336 
299 12 3 3000 1200.0 0 40.0 0 0 0 0 40.0 
300 11 3 3000 900.0 0 30.0 0 0 0 0 36.666666666666664 
301 10 3 3000 900.0 0 30.0 0 0 0 0 33.333333333333336 
302 9 3 3000 900.0 0 30.0 0 0 0 0 30.0 
303 8 3 3000 600.0 0 20.0 0 0 0 0 26.666666666666668 
304 7 3 3000 600.0 0 20.0 0 0 0 0 23.333333333333332 
305 6 3 3000 600.0 0 20.0 0 0 0 0 20.0 
306 5 3 3000 300.0 0 10.0 0 0 0 0 16.666666666666668 
307 5 3 3000 300.0 0 10.0 0 0 0 0 16.666666666666668 
308 6 3 3000 600.0 0 20.0 0 0 0 0 20.0 
309 7 3 3000 600.0 0 20.0 0 0 0 0 23.333333333333332 
310 8 3 3000 600.0 0 20.0 0 0 0 0 26.666666666666668 
311 9 3 3000 900.0 0 30.0 0 0 0 0 30.0 
312 10 3 3000 900.0 0 30.0 0 0 0 0 33.333333333333336 
313 11 3 3000 900.0 0 30.0 0 0 0 0 36.666666666666664 
314 12 3 3000 1200.0 0 40.0 0 0 0 0 40.0 
315 13 3 3000 1200.0 0 40.0 0 0 0 0 43.333333333333336 
316 14 3 3000 1200.0 0 40.0 0 0 0 0 46.666666666666664 
317 15 3 3000 1500.0 0 50.0 0 0 0 0 50.0 
318 16 3 3000 1500.0 0 50.0 0 0 0 0 53.333333333333336 
319 17 3 3000 1500.0 0 50.0 0 0 0 0 56.666666666666664 
320 18 3 3000 1800.0 0 60.0 0 0 0 0 60.0 
321 19 3 3000 1800.0 0 60.0 0 0 0 0 63.333333333333336 
322 20 3 3000 1800.0 0 60.0 0 0 0 0 66.66666666666667 
323 21 3 3000 2100.0 0 70.0 0 0 0 0 70.0 
324 22 3 3000 2100.0 0 70.0 0 0 0 0 73.33333333333333 
325 23 3 3000 2100.0 0 70.0 0 0 0 0 76.66666666666667 
326 24 3 3000 2400.0 0 80.0 0 0 0 0 80.0 
327 25 3 3000 2400.0 0 80.0 0 0 0 0 83.33333333333333 
328 26 3 3000 2400.0 0 80.0 0 0 0 0 86.66666666666667 
329 27 3 3000 2700.0 0 90.0 0 0 0 0 90.0 
330 28 3 3000 2700.0 0 90.0 0 0 0 0 93.33333333333333 
331 29 3 3000 2700.0 0 90.0 0 0 0 0 96.66666666666667 
332 30 24 24000 24000.0 0 100.0 21 0 0 0 12.5 
333 31 14 15000 1500.0 0 10.0 0 10 0 0 20.666666666666668 
334 32 9 9000 1800.0 0 20.0 0 5 0 0 35.55555555555556 
335 33 6 6000 1800.0 0 30.0 0 3 0 0 55.0 
336 34 4 5000 2500.0 0 50.0 0 2 0 0 68.0 
337 35 3 4000 3200.0 0 80.0 0 1 0 0 87.5 
338 36 66 66000 66000.0 13200 100.0 63 0 0 0 5.454545454545454 
339 37 35 35000 7000.0 0 20.0 0 31 0 0 10.571428571428571 
340 38 19 20000 5200.0 0 26.0 0 16 0 0 19.0 
341 39 11 11000 3600.0 0 32.72727272727273 0 8 0 0 35.45454545454545 
342 40 7 7000 2900.0 0 41.42857142857143 0 4 0 0 57.142857142857146 
343 41 5 5000 2900.0 0 58.0 0 2 0 0 82.0 
344 42 5 6000 5200.0 0 86.66666666666667 1 1 0 0 70.0 
345 43 4 4000 3200.0 0 80.0 0 1 0 0 107.5 
346 44 87 87000 87000.0 8700 100.0 83 0 0 0 5.057471264367816 
347 45 45 46000 4600.0 0 10.0 0 42 0 0 9.782608695652174 
348 46 24 24000 4500.0 0 18.75 0 21 0 0 19.166666666666668 
349 47 14 14000 2400.0 0 17.142857142857142 0 10 0 0 33.57142857142857 
350 48 8 9000 3200.0 0 35.55555555555556 0 6 0 0 53.333333333333336 
351 49 5 6000 3900.0 0 65.0 0 3 0 0 81.66666666666667 
352 50 91 91000 91000.0 200 100.0 86 0 0 0 5.4945054945054945 
353 51 49 49000 200.0 0 0.40816326530612246 0 42 0 0 10.408163265306122 
354 52 26 26000 2600.0 0 10.0 0 23 0 0 20.0 
355 53 15 16000 3200.0 0 20.0 0 11 0 0 33.125 
356 54 9 10000 3000.0 0 30.0 0 6 0 0 54.0 
357 55 6 6000 3600.0 0 60.0 0 3 0 0 91.66666666666667 
358 56 4 5000 4500.0 0 90.0 0 2 0 0 112.0 
359 57 50 50000 50000.0 20000 100.0 46 0 0 0 11.4 
360 58 27 27000 13500.0 0 50.0 0 23 0 0 21.48148148148148 
361 59 15 15000 7400.0 0 49.333333333333336 0 12 0 0 39.333333333333336 
362 60 10 10000 6800.0 0 68.0 0 5 0 0 60.0 
363 61 12 12000 9200.0 0 76.66666666666667 5 3 0 0 50.833333333333336 
364 62 7 8000 4000.0 0 50.0 0 5 0 0 77.5 
365 63 5 5000 4500.0 0 90.0 0 2 0 0 126.0 
366 64 227 227000 227000.0 45400 100.0 222 0 0 0 2.8193832599118944 
367 65 115 115000 23000.0 0 20.0 0 112 0 0 5.6521739130434785 
368 66 59 60000 11400.0 0 19.0 0 56 0 0 11.0 
369 67 32 32000 8800.0 0 27.5 0 27 0 0 20.9375 
370 68 18 18000 6400.0 0 35.55555555555556 0 14 0 0 37.77777777777778 
371 69 10 11000 4700.0 0 42.72727272727273 0 8 0 0 62.72727272727273 
372 70 7 7000 5700.0 0 81.42857142857143 0 3 0 0 100.0 
373 71 95 95000 95000.0 400 100.0 88 0 0 0 7.473684210526316 
374 72 51 51000 200.0 0 0.39215686274509803 0 44 0 0 14.117647058823529 
375 73 27 27000 2900.0 0 10.74074074074074 0 24 0 0 27.037037037037038 
376 74 15 16000 3200.0 0 20.0 0 12 0 0 46.25 
377 75 9 10000 5000.0 0 50.0 0 6 0 0 75.0 
378 76 6 6000 4800.0 0 80.0 0 3 0 0 126.66666666666667 
379 77 257 257000 257000.0 51400 100.0 251 0 0 0 2.9961089494163424 
380 78 133 133000 26600.0 0 20.0 0 124 0 0 5.864661654135339 
381 79 70 70000 13000.0 0 18.571428571428573 0 63 0 0 11.285714285714286 
382 80 38 38000 9800.0 0 25.789473684210527 0 32 0 0 21.05263157894737 
383 81 20 21000 7000.0 0 33.333333333333336 0 18 0 0 38.57142857142857 
384 82 11 12000 6400.0 0 53.333333333333336 0 9 0 0 68.33333333333333 
385 83 7 7000 5700.0 0 81.42857142857143 0 4 0 0 118.57142857142857 
386 84 177 177000 177000.0 36000 100.0 170 0 0 0 4.745762711864407 
387 85 91 91000 18600.0 0 20.439560439560438 0 86 0 0 9.340659340659341 
388 86 49 49000 9400.0 0 19.183673469387756 0 42 0 0 17.551020408163264 
389 87 26 26000 6600.0 0 25.384615384615383 0 23 0 0 33.46153846153846 
390 88 14 15000 6700.0 0 44.666666666666664 0 12 0 0 58.666666666666664 
391 89 8 9000 6400.0 0 71.11111111111111 0 6 0 0 98.88888888888889 
392 90 78 78000 78000.0 8600 100.0 70 0 0 0 11.538461538461538 
393 91 41 42000 8800.0 0 20.952380952380953 0 37 0 0 21.666666666666668 
394 92 22 22000 6500.0 0 29.545454545454547 0 19 0 0 41.81818181818182 
395 93 13 14000 6700.0 0 47.857142857142854 0 9 0 0 66.42857142857143 
396 94 8 9000 6800.0 0 75.55555555555556 0 5 0 0 104.44444444444444 
397 95 264 264000 264000.0 26700 100.0 256 0 0 0 3.5984848484848486 
398 96 137 138000 13900.0 0 10.072463768115941 0 127 0 0 6.956521739130435 
399 97 72 73000 6700.0 0 9.178082191780822 0 65 0 0 13.287671232876713 
400 98 38 39000 7200.0 0 18.46153846153846 0 34 0 0 25.128205128205128 
401 99 20 21000 5700.0 0 27.142857142857142 0 18 0 0 47.142857142857146 
