0 100000 8 5000 8000 152000 160 3 0 0 0 100 
1 10000 20 8000 20000 152000 250 12 0 0 0 100 
2 30000 31 20000 31000 152000 155 11 0 0 0 100 
3 100000 54 31000 54000 260000 174 23 0 0 0 100 
4 100000 78 54000 78000 260000 144 24 0 0 0 100 
5 100000 120 78000 120000 260000 153 42 0 0 0 100 
6 100000 122 120000 54000 206000 45 14 12 0 0 83 
7 100000 124 122000 54000 152000 44 20 18 0 0 81 
8 100000 104 124000 8000 144000 6 4 24 0 0 80 
9 100000 85 104000 8000 136000 7 4 23 0 0 96 
10 100000 142 85000 142000 136000 167 57 0 0 0 100 
11 100000 109 142000 8000 128000 5 4 37 0 0 70 
12 500000 179 109000 179000 665000 164 70 0 0 0 100 
13 1000000 296 179000 296000 1849000 165 117 0 0 0 100 
14 1000000 465 296000 465000 2779000 157 169 0 0 0 100 
15 1000000 802 465000 802000 3581000 172 337 0 0 0 100 
16 1000000 1387 802000 1387000 3581000 172 585 0 0 0 100 
17 1000000 1488 1387000 802000 2779000 57 320 219 0 0 72 
18 1000000 1390 1488000 465000 2314000 31 171 269 0 0 67 
19 1000000 1336 1390000 465000 1849000 33 199 253 0 0 71 
20 1000000 1190 1336000 296000 1553000 22 110 256 0 0 74 
21 1000000 1065 1190000 296000 1257000 24 120 245 0 0 84 
22 1000000 964 1065000 296000 961000 27 117 218 0 0 93 
23 1000000 1590 964000 1590000 961000 164 626 0 0 0 100 
24 1000000 1378 1590000 296000 665000 18 126 338 0 0 62 
25 1000000 1152 1378000 179000 486000 12 75 301 0 0 72 
26 1000000 1007 1152000 179000 307000 15 76 221 0 0 86 
27 300000 862 1007000 179000 128000 17 76 221 0 0 29 
28 300000 659 862000 8000 120000 0 2 205 0 0 34 
29 100000 510 659000 8000 112000 1 3 152 0 0 15 
30 50000 400 510000 8000 104000 1 2 112 0 0 9 
31 20000 300 400000 8000 96000 2 5 105 0 0 5 
32 10000 232 300000 8000 88000 2 3 71 0 0 3 
33 10000 185 232000 8000 80000 3 4 51 0 0 4 
34 10000 148 185000 8000 72000 4 3 40 0 0 5 
35 100000 120 148000 8000 64000 5 3 31 0 0 67 
36 200000 195 120000 195000 64000 162 75 0 0 0 100 
37 300000 290 195000 290000 64000 148 95 0 0 0 100 
38 400000 461 290000 461000 64000 158 171 0 0 0 100 
39 500000 798 461000 798000 64000 173 337 0 0 0 100 
40 600000 622 798000 8000 56000 1 2 178 0 0 75 
41 700000 1050 622000 1050000 56000 168 428 0 0 0 100 
42 800000 815 1050000 8000 48000 0 4 239 0 0 76 
43 900000 1348 815000 1348000 48000 165 533 0 0 0 100 
44 1000000 1034 1348000 8000 40000 0 3 317 0 0 74 
45 960000 813 1034000 8000 32000 0 3 224 0 0 92 
46 970000 1348 813000 1348000 32000 165 535 0 0 0 100 
47 500000 1031 1348000 8000 24000 0 4 321 0 0 37 
48 500000 803 1031000 8000 16000 0 3 231 0 0 48 
49 50000 627 803000 8000 8000 0 4 180 0 0 6 
50 1000000 1056 627000 1056000 8000 168 429 0 0 0 100 
51 50000 824 1056000 8000 0 0 6 238 0 0 4 
52 1000000 1334 824000 1334000 0 161 510 0 0 0 100 
53 50000 1019 1334000 0 0 0 0 315 0 0 3 
54 1000000 787 1019000 0 0 0 0 232 0 0 98 
55 50000 594 787000 0 0 0 0 193 0 0 6 
56 1000000 1000 594000 1000000 0 168 406 0 0 0 100 
57 30000 771 1000000 0 0 0 0 229 0 0 3 
58 30000 591 771000 0 0 0 0 180 0 0 3 
59 30000 446 591000 0 0 0 0 145 0 0 5 
60 30000 352 446000 0 0 0 0 94 0 0 6 
61 30000 278 352000 0 0 0 0 74 0 0 8 
62 30000 213 278000 0 0 0 0 65 0 0 10 
63 30000 160 213000 0 0 0 0 53 0 0 14 
64 30000 121 160000 0 0 0 0 39 0 0 18 
65 30000 89 121000 0 0 0 0 32 0 0 24 
66 30000 72 89000 0 0 0 0 17 0 0 33 
67 30000 58 72000 0 0 0 0 14 0 0 41 
68 30000 44 58000 0 0 0 0 14 0 0 51 
69 30000 32 44000 0 0 0 0 12 0 0 68 
70 30000 27 32000 0 0 0 0 5 0 0 93 
71 30000 54 27000 54000 0 200 27 0 0 0 100 
72 30000 46 54000 0 0 0 0 8 0 0 55 
73 30000 36 46000 0 0 0 0 10 0 0 65 
74 30000 31 36000 0 0 0 0 5 0 0 83 
75 500000 49 31000 49000 735000 158 18 0 0 0 100 
76 500000 94 49000 94000 1581000 191 45 0 0 0 100 
77 500000 161 94000 161000 2225000 171 67 0 0 0 100 
78 500000 290 161000 290000 2805000 180 129 0 0 0 100 
79 500000 500 290000 500000 2805000 172 210 0 0 0 100 
80 500000 884 500000 884000 2805000 176 384 0 0 0 100 
81 500000 828 884000 290000 2515000 32 101 157 0 0 56 
82 500000 802 828000 290000 2225000 35 136 162 0 0 60 
83 500000 717 802000 161000 2064000 20 72 157 0 0 62 
84 500000 634 717000 161000 1903000 22 71 154 0 0 69 
85 500000 582 634000 161000 1742000 25 64 116 0 0 78 
86 500000 528 582000 161000 1581000 27 59 113 0 0 85 
87 500000 456 528000 94000 1487000 17 38 110 0 0 94 
88 500000 753 456000 753000 1487000 165 297 0 0 0 100 
89 500000 629 753000 94000 1393000 12 38 162 0 0 66 
90 900000 1069 629000 1069000 1393000 169 440 0 0 0 100 
91 1000000 874 1069000 94000 1299000 8 43 238 0 0 93 
92 1000000 1435 874000 1435000 1299000 164 561 0 0 0 100 
93 1000000 1138 1435000 94000 1205000 6 37 334 0 0 69 
94 1000000 902 1138000 94000 1111000 8 34 270 0 0 87 
95 1000000 1470 902000 1470000 1111000 162 568 0 0 0 100 
96 1000000 1182 1470000 94000 1017000 6 43 331 0 0 68 
97 1000000 950 1182000 94000 923000 7 37 269 0 0 84 
98 1000000 1548 950000 1548000 923000 162 598 0 0 0 100 
99 1000000 1236 1548000 94000 829000 6 31 343 0 0 64 
100 1000000 1002 1236000 94000 735000 7 47 281 0 0 80 
101 250000 786 1002000 49000 686000 4 21 237 0 0 24 
102 200000 634 786000 49000 637000 6 21 173 0 0 25 
103 200000 511 634000 49000 588000 7 19 142 0 0 31 
104 200000 425 511000 49000 539000 9 22 108 0 0 39 
105 100000 348 425000 49000 490000 11 22 99 0 0 23 
106 100000 294 348000 49000 441000 14 17 71 0 0 28 
107 100000 245 294000 49000 392000 16 24 73 0 0 34 
108 100000 214 245000 49000 343000 20 20 51 0 0 40 
109 100000 190 214000 49000 294000 22 15 39 0 0 46 
110 100000 175 190000 49000 245000 25 21 36 0 0 52 
111 100000 161 175000 49000 196000 28 17 31 0 0 57 
112 100000 150 161000 49000 147000 30 18 29 0 0 62 
113 100000 144 150000 49000 98000 32 16 22 0 0 66 
114 100000 135 144000 49000 49000 34 21 30 0 0 69 
115 100000 128 135000 49000 0 36 16 23 0 0 74 
116 150000 214 128000 214000 0 167 86 0 0 0 100 
117 150000 162 214000 0 0 0 0 52 0 0 70 
118 50000 124 162000 0 0 0 0 38 0 0 30 
119 50000 96 124000 0 0 0 0 28 0 0 40 
120 50000 76 96000 0 0 0 0 20 0 0 52 
121 50000 57 76000 0 0 0 0 19 0 0 65 
122 50000 42 57000 0 0 0 0 15 0 0 87 
123 50000 64 42000 64000 0 152 22 0 0 0 100 
124 50000 49 64000 0 0 0 0 15 0 0 78 
125 50000 82 49000 82000 0 167 33 0 0 0 100 
126 50000 64 82000 0 0 0 0 18 0 0 60 
127 50000 51 64000 0 0 0 0 13 0 0 78 
128 50000 41 51000 0 0 0 0 10 0 0 98 
129 1000000 66 41000 66000 1518000 160 25 0 0 0 100 
130 50000 85 66000 66000 1452000 100 26 7 0 0 75 
131 50000 106 85000 66000 1386000 77 32 11 0 0 58 
132 50000 110 106000 66000 1320000 62 22 18 0 0 47 
133 50000 119 110000 66000 1254000 60 27 18 0 0 45 
134 50000 131 119000 66000 1188000 55 25 13 0 0 42 
135 50000 134 131000 66000 1122000 50 23 20 0 0 38 
136 50000 135 134000 66000 1056000 49 27 26 0 0 37 
137 50000 138 135000 66000 990000 48 26 23 0 0 37 
138 50000 142 138000 66000 924000 47 31 27 0 0 36 
139 50000 146 142000 66000 858000 46 32 28 0 0 35 
140 100000 142 146000 66000 792000 45 25 29 0 0 68 
141 100000 153 142000 66000 726000 46 35 24 0 0 70 
142 200000 281 153000 281000 726000 183 128 0 0 0 100 
143 200000 255 281000 66000 660000 23 26 52 0 0 71 
144 300000 409 255000 409000 660000 160 154 0 0 0 100 
145 300000 347 409000 66000 594000 16 30 92 0 0 73 
146 400000 561 347000 561000 594000 161 214 0 0 0 100 
147 400000 477 561000 66000 528000 11 34 118 0 0 71 
148 500000 809 477000 809000 528000 169 332 0 0 0 100 
149 500000 664 809000 66000 462000 8 32 177 0 0 61 
150 600000 534 664000 66000 396000 9 23 153 0 0 90 
151 600000 923 534000 923000 396000 172 389 0 0 0 100 
152 700000 750 923000 66000 330000 7 24 197 0 0 75 
153 700000 619 750000 66000 264000 8 27 158 0 0 93 
154 800000 1035 619000 1035000 264000 167 416 0 0 0 100 
155 800000 832 1035000 66000 198000 6 26 229 0 0 77 
156 900000 1392 832000 1392000 198000 167 560 0 0 0 100 
157 900000 1104 1392000 66000 132000 4 31 319 0 0 64 
158 100000 891 1104000 66000 66000 5 27 240 0 0 9 
159 100000 725 891000 66000 0 7 24 190 0 0 11 
160 100000 562 725000 0 0 0 0 163 0 0 13 
161 100000 442 562000 0 0 0 0 120 0 0 17 
162 100000 336 442000 0 0 0 0 106 0 0 22 
163 100000 253 336000 0 0 0 0 83 0 0 29 
164 100000 198 253000 0 0 0 0 55 0 0 39 
165 500000 308 198000 308000 308000 155 110 0 0 0 100 
166 600000 494 308000 494000 308000 160 186 0 0 0 100 
167 700000 869 494000 869000 308000 175 375 0 0 0 100 
168 800000 838 869000 308000 0 35 127 158 0 0 92 
169 850000 1389 838000 1389000 0 165 551 0 0 0 100 
170 850000 1074 1389000 0 0 0 0 315 0 0 61 
171 850000 829 1074000 0 0 0 0 245 0 0 79 
172 600000 643 829000 0 0 0 0 186 0 0 72 
173 600000 485 643000 0 0 0 0 158 0 0 93 
174 600000 784 485000 784000 0 161 299 0 0 0 100 
175 500000 612 784000 0 0 0 0 172 0 0 63 
176 300000 481 612000 0 0 0 0 131 0 0 49 
177 300000 367 481000 0 0 0 0 114 0 0 62 
178 700000 647 367000 647000 0 176 280 0 0 0 100 
179 730000 1083 647000 1083000 0 167 436 0 0 0 100 
180 750000 825 1083000 0 0 0 0 258 0 0 69 
181 760000 643 825000 0 0 0 0 182 0 0 92 
182 770000 1067 643000 1067000 0 165 424 0 0 0 100 
183 780000 812 1067000 0 0 0 0 255 0 0 73 
184 500000 618 812000 0 0 0 0 194 0 0 61 
185 100000 479 618000 0 0 0 0 139 0 0 16 
186 100000 375 479000 0 0 0 0 104 0 0 20 
187 100000 291 375000 0 0 0 0 84 0 0 26 
188 100000 233 291000 0 0 0 0 58 0 0 34 
189 100000 177 233000 0 0 0 0 56 0 0 42 
190 100000 138 177000 0 0 0 0 39 0 0 56 
191 100000 109 138000 0 0 0 0 29 0 0 72 
192 100000 86 109000 0 0 0 0 23 0 0 91 
193 100000 135 86000 135000 0 156 49 0 0 0 100 
194 100000 107 135000 0 0 0 0 28 0 0 74 
195 100000 88 107000 0 0 0 0 19 0 0 93 
196 100000 134 88000 134000 0 152 46 0 0 0 100 
