0 100000 8 5000 8000.0 152000.0 160.0 3 0 0 0 100 
1 10000 14 8000 14000.0 155500.0 175.0 6 0 0 0 100 
2 30000 23 14000 23000.0 181785.7142857141 164.28571428571428 9 0 0 0 100 
3 100000 38 23000 38000.0 309003.1055900625 165.2173913043478 15 0 0 0 100 
4 100000 78 38000 78000.0 436266.2634847993 205.26315789473685 40 0 0 0 100 
5 100000 127 78000 127000.0 472086.7763053123 162.82051282051282 49 0 0 0 100 
6 100000 222 127000 201803.1496062982 445086.77630531095 158.9001178002348 95 0 0 0 78.74015748031496 
7 100000 248 222000 154332.50664352954 398818.72145457997 69.51914713672502 26 0 35 4 45.04504504504504 
8 100000 278 240250.0 155939.64620187375 353284.90251597395 64.90724087486942 30 0 29 7 41.62330905306972 
9 100000 261 265250.0 141245.84283737806 306902.3961536198 53.25008212530747 31 48 0 0 37.70028275212064 
10 100000 211 250937.5 104077.2104607724 284045.6091050518 41.4753516157499 13 63 0 0 39.85056039850561 
11 100000 230 205062.5 133595.85492228 264576.54479539045 65.148847264751 19 0 4 46 48.7656202377324 
12 500000 376 234031.25 380031.25 696469.4502233486 162.3848310855922 146 0 0 0 100 
13 1000000 625 380031.25 629031.25 1722647.475776328 165.52092755529972 249 0 0 0 100 
14 1000000 1034 629031.25 1038031.25 2334822.395978514 165.0206170202196 409 0 0 0 100 
15 1000000 1696 1038031.25 1675776.9826067695 2296791.1459784764 161.43800898159563 662 0 0 0 96.33621338471265 
16 1000000 2109 1700031.25 1660372.7510754312 1869355.2894455977 97.66719000462086 413 0 177 109 58.82244811676256 
17 1000000 2363 2096031.25 1467553.0232052472 1482624.7985172635 70.0157988200437 254 0 367 56 47.709212350722346 
18 1000000 2614 2272843.75 1423933.0112847548 1130353.1145894944 62.649841692142495 256 5 435 65 43.99774511556283 
19 1000000 2817 2438359.375 1416955.3793133958 759295.0150813208 58.111014883250995 235 32 453 59 41.01118195507994 
20 1000000 2419 2563523.4375 1115374.5912414063 502640.1371888389 43.50943607245277 153 551 67 0 39.00881050556028 
21 1000000 2564 2211355.46875 1320169.7750491237 294463.3246008395 59.69957312179069 145 0 53 511 45.22113310734543 
22 1000000 2539 2459011.71875 978073.452108375 245018.3397275272 39.77506266645867 22 47 593 5 40.66674397584141 
23 1000000 2547 2308995.1171875 1067688.3486829025 223475.7153699176 46.240390061258054 13 5 92 530 43.3088832694485 
24 1000000 2504 2416924.8046875 942354.1011850504 201198.17389502382 38.98979808380483 15 58 597 4 41.37489085554304 
25 1000000 2521 2252931.396484375 1089067.5151240586 180744.28249273056 48.340021219621356 17 0 0 617 44.38661565818058 
26 1000000 2463 2407513.18359375 929104.5875470862 167297.7088900338 38.59187953272972 8 66 573 5 41.53663651001392 
27 300000 1892 2235803.22265625 246848.68417288244 151176.9906448459 11.040716001814033 4 575 3 0 13.417996582167211 
28 300000 1458 1706960.693359375 238409.05151829004 144582.99841604813 13.966874131652697 1 435 0 0 17.57509714002767 
29 100000 1105 1307611.572265625 82797.01649204254 137194.80089391538 6.331927481230899 4 357 0 0 7.647530973340625 
30 50000 868 992305.908203125 46747.22135768765 129597.90239385937 4.710968761874841 2 239 0 0 5.038768749300342 
31 20000 688 781017.822265625 23645.105779874022 121802.76327595279 3.027473267035422 4 184 0 0 2.560761026167464 
32 10000 525 623713.134765625 15404.155196108926 113931.02736971773 2.469750008054168 2 165 0 0 1.6033011720616943 
33 10000 413 477853.759765625 15637.07863274158 106098.44260579173 3.272356513509733 3 115 0 0 2.092690450924723 
34 10000 326 376678.955078125 15712.429441880297 98310.82505753612 4.171305359658722 4 91 0 0 2.6547806468046384 
35 100000 252 299658.935546875 82265.0132026725 92980.52685881896 27.452881741216746 2 76 0 0 33.37127251603589 
36 200000 433 233660.888671875 356077.84133949695 91828.0570941715 152.39086154445363 181 0 0 0 85.59412794190632 
37 300000 716 414660.888671875 506957.75621434185 89615.91909313409 122.25839717801362 283 0 0 0 72.3482749870323 
38 400000 712 697660.888671875 376656.8433370547 86202.67471031047 53.988527872630186 4 8 172 2 57.33444521470497 
39 500000 1194 654508.30078125 870103.8873259743 84314.13272425074 132.9400843789727 482 0 0 0 76.39322517425339 
40 600000 1187 1136508.30078125 562165.3867189275 80537.59505769821 49.46425699948588 5 12 296 1 52.793279168093406 
41 700000 1190 1063186.0961914062 745967.0202048335 77804.78207233337 70.16335361016012 4 1 1 288 65.83983768293923 
42 800000 1967 1129393.814086914 1352716.9909438482 75471.53880516905 119.77372056331699 777 0 0 0 70.83445916044613 
43 900000 1960 1906393.814086914 848774.1403346632 71248.30305335169 44.5224976110821 2 9 450 1 47.209553102283 
44 1000000 1963 1793587.173461914 1063870.9797543806 67708.63825108769 59.31526471060434 3 0 3 463 55.7541899717 
45 960000 1946 1901796.646118164 896348.0463873568 63746.9248973892 47.131645132350506 6 23 469 2 50.478583078769006 
46 970000 1947 1779677.318572998 1032869.9641611174 60107.265909220616 58.03692351315155 2 1 7 482 54.504262647892645 
47 500000 1506 1889488.9030456543 391355.1554343424 54224.24050142511 20.712223014568632 0 441 0 0 26.462182402556238 
48 500000 1168 1462042.3583984375 392110.43336127396 48960.13934664168 26.819362045761984 2 340 0 0 34.19873556520716 
49 50000 889 1132755.5541992188 45721.990550494724 41313.26054610714 4.0363510362848825 4 283 0 0 4.41401499331836 
50 1000000 1444 861595.6420898438 1416595.6420898438 268871.29436601355 164.41536759097568 555 0 0 0 100 
51 50000 1108 1416595.6420898438 218437.3227880059 34880.7256748884 15.419878213500256 3 339 0 0 3.52958872062017 
52 1000000 1851 1087906.9213867188 1710672.8372130557 60972.922882546394 157.24441159290706 743 0 0 0 91.91962844811515 
53 50000 1416 1830906.9213867188 66308.29898170679 26452.76691467774 3.6216094989408445 3 438 0 0 2.730887049251541 
54 1000000 2324 1399330.322265625 1657641.7050778843 24169.787315584486 118.4596430665515 908 0 0 0 71.46275501133442 
55 50000 1784 2307330.322265625 46180.152261840354 16343.147842310984 2.001453880105685 4 544 0 0 2.167006584081284 
56 1000000 1785 1774231.1401367188 1026175.4771568626 12852.143214460491 57.837755968920014 4 3 132 288 56.36244215186878 
57 30000 1384 1815489.3798828125 31088.31763129874 4984.338975371794 1.7123932519674365 5 406 0 0 1.652447011391301 
58 30000 1071 1408399.7192382812 28007.704597476793 0 1.9886190131182702 0 313 1 0 2.130077107387184 
59 30000 833 1088896.6674804688 23366.089920323117 0 2.1458500717417457 0 238 0 0 2.755082359597551 
60 30000 641 849350.09765625 23084.699986030166 0 2.717925158274725 0 192 0 0 3.532112386021251 
61 30000 486 652088.37890625 22649.457834167257 0 3.4733724088377818 0 155 0 0 4.60060337991594 
62 30000 366 495639.16015625 22422.190018609745 0 4.523893957761763 0 120 0 0 6.052790499956161 
63 30000 297 373183.10546875 24348.869980726966 0 6.524644236009209 0 69 0 0 8.038949127216632 
64 30000 237 302820.068359375 23995.893098002147 0 7.924142289514564 0 60 0 0 9.9068731351045 
65 30000 184 242288.818359375 23449.675790873836 0 9.678397851646663 0 53 0 0 12.381916839225525 
66 30000 139 189402.34375 22614.927712582776 0 11.940151987999236 0 45 0 0 15.839297131189804 
67 30000 108 142949.21875 23182.675228856373 0 16.2174200261982 0 31 0 0 20.98647356196202 
68 30000 84 113121.09375 23386.511965192185 0 20.67387362508788 0 24 0 0 26.520252771159225 
69 30000 65 86933.59375 23184.452931925414 0 26.66915277723166 0 19 0 0 34.50909907885868 
70 30000 65 66839.84375 32384.431067734185 0 48.45078810905237 0 0 0 20 44.88340833382035 
71 30000 65 72152.34375 28167.938931297696 0 39.03953422344329 0 0 16 0 41.578690920903036 
72 30000 65 67746.09375 32187.77028195812 0 47.512363444509475 0 0 0 18 44.28299602144958 
73 30000 65 72686.5234375 27922.236702449238 0 38.414599270879094 0 0 18 0 41.27312544504306 
74 30000 65 67652.34375 31982.071713147427 0 47.27415184806133 0 0 0 17 44.34436168369998 
75 500000 114 72122.0703125 121122.0703125 718579.7698294017 167.9403680283807 49 0 0 0 100 
76 500000 196 121122.0703125 203122.0703125 1353959.179009615 167.70029589853985 82 0 0 0 100 
77 500000 341 203122.0703125 348122.0703125 1862765.333623425 171.3856449852642 145 0 0 0 100 
78 500000 600 348122.0703125 607122.0703125 2127639.2125586728 174.3991898495555 259 0 0 0 100 
79 500000 984 607122.0703125 923368.1917904466 2020517.1422462105 152.0893798697134 384 0 0 0 82.35576080155317 
80 500000 1216 991122.0703125 851793.5386008179 1780717.8809648296 85.9423439468206 232 0 100 60 50.4478726664164 
81 500000 1346 1213122.0703125 736891.6851283477 1576077.6905190742 60.74340770492491 130 0 238 26 41.2159676454654 
82 500000 1227 1291372.0703125 673623.7283267388 1362743.292294089 52.16341160016943 133 252 0 0 38.718508127483716 
83 500000 1310 1184622.0703125 675641.0955529007 1241695.3156981352 57.03431604770528 83 0 47 250 42.207553998052845 
84 500000 1120 1314668.9453125 553424.1381007752 1115825.4201771452 42.09608358621607 80 270 0 0 38.03238844142232 
85 500000 1202 1125840.8203125 677390.8676783612 1002912.4036881303 60.16755259329979 82 0 10 258 44.411251660000644 
86 500000 1041 1271024.4140625 554780.7732687824 879695.1991143093 43.648317619294936 75 236 0 0 39.33834743597723 
87 500000 1121 1097911.1328125 675450.1151348172 769077.0046811712 61.52138319287539 80 0 0 236 45.54102650541111 
88 500000 1155 1240270.5078125 578535.8757050539 676398.1874622338 46.645943127796684 40 6 240 8 40.313786133789804 
89 500000 1202 1212548.828125 616233.8167788906 605221.3513139511 50.82136096175121 47 0 29 257 41.23545282487013 
90 900000 1239 1321816.40625 1015963.0982836087 566569.02700083 76.86113544057918 37 0 0 279 68.08812447360255 
91 1000000 1285 1435361.572265625 1126729.937042238 529831.3185472855 78.49798676606396 46 0 0 280 69.66885691537394 
92 1000000 1320 1564532.958984375 1006943.7520088294 486126.64594248484 64.3606608749548 40 5 297 13 63.916838201296535 
93 1000000 1367 1513358.154296875 1124661.7958846542 445039.87326828577 74.31563986961078 47 0 2 280 66.07821137122775 
94 1000000 1402 1639837.0971679688 1014224.4162270701 397780.06068960833 61.84909574119623 42 7 298 10 60.98166712577852 
95 1000000 1446 1590788.9404296875 1135859.824502393 352797.61344978394 71.4022957813364 45 1 1 352 62.86189038565294 
96 1000000 1488 1735461.1358642578 1017662.4908179309 301467.9849324044 58.63931319390428 57 15 322 15 57.62157269525952 
97 1000000 1529 1686314.5141601562 1132528.7177666998 252172.41513058927 67.15999348026361 42 1 6 365 59.30091875524389 
98 1000000 1566 1828717.6780700684 1018887.66787777 197283.67966523004 55.71596316349115 58 21 316 11 54.683126432908274 
99 1000000 1610 1780543.6477661133 1139502.7052893979 144186.93996704064 63.997459804988694 44 0 2 386 56.16262208761967 
100 1000000 1642 1934393.24092865 1025395.5109736489 85679.88905687917 53.00863802033263 52 20 314 19 51.69579684428214 
101 250000 1331 1881960.0403308868 288472.9992445394 0 15.328327544819707 47 358 0 0 13.284022755129536 
102 200000 1007 1512359.1530323029 151153.97429128757 0 9.99458190789017 0 324 0 0 13.224371975333835 
103 200000 771 1148458.3389759064 154377.409070604 0 13.442142725722563 0 236 0 0 17.414649988813903 
104 200000 574 869872.1153736115 148856.91706207226 0 17.11250589957559 0 197 0 0 22.99188541227117 
105 100000 456 657549.9527454376 79922.63973377158 0 12.15461112879323 0 118 0 0 15.207970068657852 
106 100000 354 526710.2615833282 77236.54066737392 0 14.663952138543005 0 102 0 0 18.985770222017877 
107 100000 283 406566.3261413574 79491.53980473227 0 19.551924174136886 0 71 0 0 24.596232784225077 
108 100000 221 322096.1570739746 77739.70983202296 0 24.135559560298873 0 62 0 0 31.046629338403864 
109 100000 174 256230.60607910156 78736.19555691179 0 30.72864587168207 0 47 0 0 39.027343973548874 
110 100000 174 202600.89111328125 106447.64601452123 0 52.54056160839028 0 0 0 46 49.358124463572324 
111 100000 173 215663.87939453125 91705.2362897654 0 42.522297450655444 0 1 52 0 46.368450887903194 
112 100000 173 199210.6170654297 105175.92170391152 0 52.79634351484742 0 0 0 35 50.19812772687488 
113 100000 164 209521.60263061523 86098.2007391155 0 41.09275590589382 0 9 37 0 47.72777543912698 
114 100000 164 191976.2544631958 107498.73872148701 0 55.99585168596767 0 0 0 51 52.08977551917559 
115 100000 161 206372.052192688 91700.06831109009 0 44.43434434885128 0 3 36 0 48.45617366184389 
116 150000 253 193477.68783569336 221326.05394643373 0 114.39358017054141 92 0 0 0 77.52831950699358 
117 150000 249 285477.68783569336 137852.92436535712 0 48.288510885200374 0 4 60 0 52.54351089123731 
118 50000 200 266343.40834617615 40201.09207578061 0 15.093706401597819 0 49 0 0 18.77275668674075 
119 50000 162 213173.73061180115 40551.33363423627 0 19.022669218132723 0 38 0 0 23.455047606711084 
120 50000 127 175962.2905254364 39001.47624786706 0 22.164678654389967 0 35 0 0 28.415179099281048 
121 50000 95 137947.00121879578 37623.82573510271 0 27.274116437970335 0 32 0 0 36.245804227882935 
122 50000 95 104548.70223999023 53110.348648684594 0 50.799624969777675 0 0 0 25 47.82460128986166 
123 50000 92 111052.36053466797 44091.02814640571 0 39.70291845587696 0 3 31 0 45.02380657130756 
124 50000 92 99963.47236633301 53553.626403794435 0 53.57319542436275 0 0 0 29 50.01827049061138 
125 50000 88 107068.12906265259 44506.48653940712 0 41.56837980550072 0 4 22 0 46.69923761415661 
126 50000 88 97426.2900352478 53497.178480425544 0 54.91041325813682 0 0 0 22 51.320849825966405 
127 50000 86 104240.6325340271 45476.811730165005 0 43.62676110519579 0 2 22 0 47.96594071287756 
128 50000 86 95898.27889204025 53613.15837300064 0 55.90627797747749 0 0 0 23 52.1385791045204 
129 1000000 119 102828.19227874279 135828.1922787428 1185095.469498223 132.09236617769653 33 0 0 0 100 
130 50000 154 135828.1922787428 149080.22758748103 1099267.2772194794 109.75646887911368 46 11 0 0 36.811209190939834 
131 50000 181 170828.1922787428 153975.07985419402 1003194.8742126611 90.1344665656537 44 17 0 0 29.269173508793145 
132 50000 202 197828.1922787428 157058.73556795216 901696.5190299756 79.3914829624759 48 27 0 0 25.274456296678522 
133 50000 234 218828.1922787428 162104.51408226741 796903.6771017319 74.07844135356156 56 24 0 0 22.848975481326523 
134 50000 248 250828.1922787428 161543.00504122573 688151.4269339528 64.4038469414573 47 33 0 0 19.933963381769907 
135 50000 255 264828.1922787428 161505.21684885607 577967.8216438537 60.984903253376075 49 42 0 0 18.880165125083398 
136 50000 258 271828.1922787428 161395.8125529243 467123.8282335369 59.37419926900849 44 41 0 0 18.39397142027422 
137 50000 255 274828.1922787428 160570.9231595078 356007.1095398956 58.425928514877306 42 45 0 0 18.19318447115055 
138 50000 260 271828.1922787428 161763.6919813298 245163.11612958004 59.50953454285244 41 36 0 0 18.39397142027422 
139 50000 270 276828.1922787428 163101.42604099604 133867.86450992545 58.91792475990544 49 39 0 0 18.061744213412407 
140 100000 274 286828.1922787428 189867.51064859462 45394.91691603706 66.19555390987483 57 53 0 0 34.86407636764621 
141 100000 235 290828.1922787428 127397.40688776464 0 43.80504031935846 0 39 23 0 34.384561969891664 
142 200000 406 244555.3546398878 339845.63965225796 0 138.9647101175465 171 0 0 0 81.78107582003413 
143 200000 403 415555.3546398878 186806.5005404665 0 44.95345769334374 0 3 91 0 48.128365515423596 
144 300000 681 390526.80568397045 513557.6835857269 0 131.50382409378523 278 0 0 0 76.81931064234595 
145 300000 676 668526.8056839705 276936.4325214779 0 41.42488082256388 0 5 182 0 44.87478997840179 
146 400000 676 619935.8720630407 424432.5370898701 0 68.4639421941226 0 0 0 164 64.5228027648841 
147 400000 671 657802.3875318468 376298.2911307251 0 57.205370224124806 0 5 136 0 60.80853575202848 
148 500000 1185 620401.7425738275 914247.708160498 0 147.36382015427736 514 0 0 0 80.59293933084017 
149 500000 1165 1134401.7425738275 460700.072534875 0 40.61172116058279 0 20 274 0 44.076095904574096 
150 600000 1163 1055563.3047781885 634415.7380073926 0 60.1021023690006 0 2 3 278 56.84168796736274 
151 600000 1144 1117203.7050239742 552018.5507242423 0 49.41073398180294 0 19 278 0 53.70551469726146 
152 700000 1144 1037594.1279195249 741221.8944352223 0 71.43659302712544 0 0 0 273 67.46375882095312 
153 700000 1125 1098696.4073590934 648585.7282306075 0 59.03229717384762 0 19 234 0 63.71186756517853 
154 800000 1954 1029230.4769791663 1444364.906436218 0 140.3344477978818 829 0 0 0 77.72797423838759 
155 800000 1918 1858230.4769791663 736732.9739438641 0 39.64701812132231 0 36 449 0 43.05171021091639 
156 900000 1915 1728509.6648968756 952354.4331636282 0 55.09685323167959 0 3 6 473 52.067976146011006 
157 900000 1877 1830929.94177714 831772.6527224442 0 45.42897211649222 0 38 410 1 49.15534884564948 
158 100000 1437 1707644.503463991 76338.93443947466 0 4.470423105313759 0 440 0 0 5.85601978615268 
159 100000 1097 1307282.3002682999 76675.20313707044 0 5.865236844508184 0 340 0 0 7.6494571967719995 
160 100000 855 991728.4759515896 78221.82371444863 0 7.887423383642657 0 242 0 0 10.083405128006167 
161 100000 667 768275.3252023831 78476.11061631175 0 10.214581679509122 0 188 0 0 13.016167084847803 
162 100000 515 598899.9331826344 76853.96813146898 0 12.832522408719718 0 152 0 0 16.697280206492362 
163 100000 394 465037.94362861663 76068.79807631335 0 16.35754654400041 0 121 0 0 21.503621665732478 
164 100000 303 357067.24050361663 76912.80362008222 0 21.540145635203743 0 91 0 0 28.005929599970436 
165 500000 487 275375.99074840546 459375.99074840546 374712.6847020782 166.81773509009716 184 0 0 0 100 
166 600000 778 459375.99074840546 750375.9907484055 604417.5068745769 163.34680215348413 291 0 0 0 100 
167 700000 1298 750375.9907484055 1235466.1382049602 554041.5161261739 164.64627779104958 520 0 0 0 93.28656681856762 
168 800000 1610 1270375.9907484055 1225722.2950418175 314405.86135588324 96.48500160332205 312 0 136 70 62.973482325394315 
169 850000 1808 1565875.9907484055 1133160.1896463968 104391.6300591468 72.36589591649633 198 0 306 47 54.28271491625242 
170 850000 1979 1700625.9907484055 1006684.8741256191 0 59.19495995016522 184 13 330 56 49.98159528456548 
171 850000 1940 1812016.6157484055 781564.1354569489 0 43.1322830411323 0 39 444 0 46.909062125179794 
172 600000 1499 1683672.2598969936 461465.3367165544 0 27.408263930462727 0 441 0 0 35.63638923627023 
173 600000 1485 1307767.9630219936 608309.2389906567 0 46.51507424795558 0 14 97 246 45.87969861362244 
174 600000 1436 1331124.0077912807 548213.9537405306 0 41.18428865618433 0 49 289 4 45.07468849544479 
175 500000 1383 1235013.400644064 453829.992261255 0 36.746969063216724 0 53 272 0 40.48539066371654 
176 300000 1037 1143060.6230199337 227357.4102438378 0 19.89023203713955 0 346 0 0 26.245327146989677 
177 300000 796 850333.5989415646 230139.55043768315 0 27.064619194648394 0 241 0 0 35.280271222190784 
178 700000 1325 652394.1458165646 1181394.1458165646 86207.51396920189 181.08595139796677 529 0 0 0 100 
179 730000 1279 1181394.1458165646 741548.1173689107 0 62.768900624301146 0 46 264 0 61.79140150516264 
180 750000 1258 1092736.1381947994 704728.2642779573 0 64.4920799857657 19 40 235 7 68.63505047421607 
181 760000 2102 1037185.1857155561 1378666.552935825 0 132.9238569855469 844 0 0 0 73.27524635590264 
182 770000 2039 1881185.1857155561 702481.5764191872 0 37.342499917251935 0 63 450 0 40.93164276685026 
183 780000 2035 1739863.6525124311 823649.9410163518 0 47.33991309186609 0 4 6 476 44.83109919985106 
184 500000 1576 1838005.3348392248 386764.3735293721 0 21.04261430575246 0 459 0 0 27.20340308716984 
185 100000 1193 1431327.589020133 75636.65781639985 0 5.284370845403718 0 383 0 0 6.9865208193505595 
186 100000 902 1083275.098785758 75900.98821226237 0 7.006621706465856 0 291 0 0 9.231265457139179 
187 100000 690 816896.192535758 76892.01181215011 0 9.412702925382323 0 212 0 0 12.241457472042594 
188 100000 530 625471.4534133673 77023.58169733697 0 12.314483942792018 0 160 0 0 15.98793988986594 
189 100000 408 481379.6565383673 76705.13964873749 0 15.934437321329527 0 122 0 0 20.773624028715 
190 100000 307 371370.16992270947 75333.43939123074 0 20.28526938685176 0 101 0 0 26.927310834042558 
191 100000 246 280499.07617270947 80771.22956216423 0 28.79554209741197 0 61 0 0 35.65074130170318 
192 100000 246 224866.26367270947 106535.97029275564 0 47.37748053119148 0 0 0 65 44.47087720795191 
193 100000 239 239563.4558647871 91586.09295506525 0 38.23041065443542 0 7 51 0 41.74259368525781 
194 100000 239 222950.51054656506 105666.67685423861 0 47.39467812618857 0 0 0 58 44.85300336601569 
195 100000 234 235584.39552411437 90295.15435079462 0 38.328155882273634 0 5 65 0 42.447633162428204 
196 100000 234 216005.96153363585 106767.04723038356 0 49.42782433981947 0 0 0 63 46.29501856800756 
