0 10 15 7500 990.0 0 13.2 0 0 0 0 
1 1 15 7500 90.0 0 1.2 0 0 0 0 
2 3 15 7500 300.0 0 4.0 0 0 0 0 
3 10 15 7500 990.0 0 13.2 0 0 0 0 
4 10 15 7500 990.0 0 13.2 0 0 0 0 
5 10 15 7500 990.0 0 13.2 0 0 0 0 
6 10 15 7500 990.0 0 13.2 0 0 0 0 
7 10 15 7500 990.0 0 13.2 0 0 0 0 
8 10 15 7500 990.0 0 13.2 0 0 0 0 
9 10 15 7500 990.0 0 13.2 0 0 0 0 
10 10 15 7500 990.0 0 13.2 0 0 0 0 
11 10 15 7500 990.0 0 13.2 0 0 0 0 
12 50 18 9000 5994.0 0 66.6 3 0 0 0 
13 100 23 11500 11500.0 1265 100.0 5 0 0 0 
14 100 34 17000 16021.0 0 94.24117647058823 11 0 0 0 
15 100 34 17000 9996.0 0 58.8 0 0 9 0 
16 100 34 17000 9996.0 0 58.8 0 0 14 0 
17 100 34 17000 9996.0 0 58.8 0 0 13 0 
18 100 34 17000 9996.0 0 58.8 0 0 7 0 
19 100 34 17000 9996.0 0 58.8 0 0 10 0 
20 100 34 17000 9996.0 0 58.8 0 0 14 0 
21 100 34 17000 9996.0 0 58.8 0 0 8 0 
22 100 34 17000 9996.0 0 58.8 0 0 7 0 
23 100 34 17000 9996.0 0 58.8 0 0 9 0 
24 100 34 17000 9996.0 0 58.8 0 0 10 0 
25 100 34 17000 9996.0 0 58.8 0 0 9 0 
26 100 34 17000 9996.0 0 58.8 0 0 7 0 
27 30 29 14500 2552.0 0 17.6 0 5 0 0 
28 30 24 12500 2575.0 0 20.6 0 5 0 0 
29 10 22 11500 943.0 0 8.2 0 2 0 0 
30 5 20 10500 462.0 0 4.4 0 2 0 0 
31 2 19 9500 190.0 0 2.0 0 1 0 0 
32 1 19 9500 95.0 0 1.0 0 0 0 0 
33 1 17 9000 90.0 0 1.0 0 2 0 0 
34 1 17 8500 85.0 0 1.0 0 0 0 0 
35 10 17 8500 986.0 0 11.6 0 0 0 0 
36 20 16 8500 1989.0 0 23.4 0 1 0 0 
37 30 16 8000 2992.0 0 37.4 0 0 0 0 
38 40 16 8000 4000.0 0 50.0 0 0 0 4 
39 50 22 11000 6864.0 0 62.4 6 0 0 0 
40 60 22 11000 5984.0 0 54.4 0 0 8 0 
41 70 35 17500 11130.0 0 63.6 13 0 0 0 
42 80 35 17500 7980.0 0 45.6 0 0 14 0 
43 90 35 17500 8995.0 0 51.4 0 0 0 10 
44 100 35 17500 9975.0 0 57.0 0 0 0 7 
45 96 35 17500 9590.0 0 54.8 0 0 9 0 
46 97 35 17500 9695.0 0 55.4 0 0 0 19 
47 50 30 15000 4260.0 0 28.4 0 5 0 0 
48 50 25 13000 4316.0 0 33.2 0 5 0 0 
49 5 23 11500 460.0 0 4.0 0 2 0 0 
50 100 31 15500 13454.0 0 86.8 8 0 0 0 
51 5 26 13000 416.0 0 3.2 0 5 0 0 
52 100 36 18000 13824.0 0 76.8 10 0 0 0 
53 5 30 15000 390.0 0 2.6 0 6 0 0 
54 100 37 18500 12321.0 0 66.6 7 0 0 0 
55 5 33 16500 429.0 0 2.6 0 4 0 0 
56 100 48 24000 14544.0 0 60.6 15 0 0 0 
57 3 39 20000 240.0 0 1.2 0 9 0 0 
58 3 35 18000 252.0 0 1.4 0 4 0 0 
59 3 28 14500 232.0 0 1.6 0 7 0 0 
60 3 26 13000 260.0 0 2.0 0 2 0 0 
61 3 24 12000 264.0 0 2.2 0 2 0 0 
62 3 22 11000 264.0 0 2.4 0 2 0 0 
63 3 19 9500 247.0 0 2.6 0 3 0 0 
64 3 18 9000 270.0 0 3.0 0 1 0 0 
65 3 17 8500 272.0 0 3.2 0 1 0 0 
66 3 16 8500 289.0 0 3.4 0 1 0 0 
67 3 16 8000 288.0 0 3.6 0 0 0 0 
68 3 16 8000 288.0 0 3.6 0 0 0 0 
69 3 16 8000 288.0 0 3.6 0 0 0 0 
70 3 16 8000 288.0 0 3.6 0 0 0 0 
71 3 16 8000 288.0 0 3.6 0 0 0 0 
72 3 16 8000 288.0 0 3.6 0 0 0 0 
73 3 16 8000 288.0 0 3.6 0 0 0 0 
74 3 16 8000 288.0 0 3.6 0 0 0 0 
75 50 21 10500 6552.0 0 62.4 5 0 0 0 
76 50 21 10500 4998.0 0 47.6 0 0 8 0 
77 50 21 10500 4998.0 0 47.6 0 0 5 0 
78 50 21 10500 4998.0 0 47.6 0 0 8 0 
79 50 21 10500 4998.0 0 47.6 0 0 10 0 
80 50 21 10500 4998.0 0 47.6 0 0 5 0 
81 50 21 10500 4998.0 0 47.6 0 0 9 0 
82 50 21 10500 4998.0 0 47.6 0 0 6 0 
83 50 21 10500 4998.0 0 47.6 0 0 7 0 
84 50 21 10500 4998.0 0 47.6 0 0 2 0 
85 50 21 10500 4998.0 0 47.6 0 0 9 0 
86 50 21 10500 4998.0 0 47.6 0 0 7 0 
87 50 21 10500 4998.0 0 47.6 0 0 9 0 
88 50 21 10500 4998.0 0 47.6 0 0 4 0 
89 50 21 10500 4998.0 0 47.6 0 0 8 0 
90 90 33 16500 14124.0 0 85.6 12 0 0 0 
91 100 42 21000 12726.0 0 60.6 9 0 0 0 
92 100 42 21000 9996.0 0 47.6 0 0 19 0 
93 100 42 21000 9996.0 0 47.6 0 0 13 0 
94 100 42 21000 9996.0 0 47.6 0 0 15 0 
95 100 42 21000 9996.0 0 47.6 0 0 8 0 
96 100 42 21000 9996.0 0 47.6 0 0 14 0 
97 100 42 21000 9996.0 0 47.6 0 0 12 0 
98 100 42 21000 9996.0 0 47.6 0 0 12 0 
99 100 42 21000 9996.0 0 47.6 0 0 10 0 
100 100 42 21000 9996.0 0 47.6 0 0 9 0 
101 25 36 18000 2124.0 0 11.8 0 6 0 0 
102 20 31 16000 1760.0 0 11.0 0 5 0 0 
103 20 24 12500 1600.0 0 12.8 0 7 0 0 
104 20 22 11000 1826.0 0 16.6 0 2 0 0 
105 10 19 10000 900.0 0 9.0 0 3 0 0 
106 10 18 9500 988.0 0 10.4 0 1 0 0 
107 10 17 8500 935.0 0 11.0 0 1 0 0 
108 10 17 8500 986.0 0 11.6 0 0 0 0 
109 10 17 8500 986.0 0 11.6 0 0 0 0 
110 10 17 8500 986.0 0 11.6 0 0 0 0 
111 10 17 8500 986.0 0 11.6 0 0 0 0 
112 10 17 8500 986.0 0 11.6 0 0 0 0 
113 10 17 8500 986.0 0 11.6 0 0 0 0 
114 10 16 8500 986.0 0 11.6 0 1 0 0 
115 10 16 8000 992.0 0 12.4 0 0 0 0 
116 15 16 8000 1488.0 0 18.6 0 0 0 0 
117 15 16 8000 1488.0 0 18.6 0 0 0 0 
118 5 16 8000 496.0 0 6.2 0 0 0 0 
119 5 16 8000 496.0 0 6.2 0 0 0 0 
120 5 16 8000 496.0 0 6.2 0 0 0 0 
121 5 16 8000 496.0 0 6.2 0 0 0 0 
122 5 16 8000 496.0 0 6.2 0 0 0 0 
123 5 16 8000 496.0 0 6.2 0 0 0 0 
124 5 16 8000 496.0 0 6.2 0 0 0 0 
125 5 16 8000 496.0 0 6.2 0 0 0 0 
126 5 16 8000 496.0 0 6.2 0 0 0 0 
127 5 16 8000 496.0 0 6.2 0 0 0 0 
128 5 16 8000 496.0 0 6.2 0 0 0 0 
129 100 25 12500 12500.0 3125 100.0 9 0 0 0 
130 5 21 10500 3045.0 0 29.0 0 4 0 0 
131 5 21 10500 983.0 0 9.361904761904762 0 0 0 0 
132 5 20 10000 460.0 0 4.6 0 1 0 0 
133 5 18 9500 475.0 0 5.0 0 2 0 0 
134 5 17 9000 486.0 0 5.4 0 1 0 0 
135 5 17 8500 493.0 0 5.8 0 0 0 0 
136 5 17 8500 493.0 0 5.8 0 0 0 0 
137 5 17 8500 493.0 0 5.8 0 0 0 0 
138 5 17 8500 493.0 0 5.8 0 0 0 0 
139 5 16 8500 493.0 0 5.8 0 1 0 0 
140 10 16 8000 992.0 0 12.4 0 0 0 0 
141 10 16 8000 992.0 0 12.4 0 0 0 0 
142 20 16 8000 2000.0 0 25.0 0 0 0 0 
143 20 16 8000 2000.0 0 25.0 0 0 0 0 
144 30 16 8000 2992.0 0 37.4 0 0 0 0 
145 30 16 8000 2992.0 0 37.4 0 0 0 0 
146 40 16 8000 4000.0 0 50.0 0 0 0 4 
147 40 16 8000 4000.0 0 50.0 0 0 6 0 
148 50 19 9500 5928.0 0 62.4 3 0 0 0 
149 50 19 9500 4997.0 0 52.6 0 0 10 0 
150 60 27 13500 8505.0 0 63.0 8 0 0 0 
151 60 27 13500 5994.0 0 44.4 0 0 6 0 
152 70 27 13500 6993.0 0 51.8 0 0 0 5 
153 70 27 13500 6993.0 0 51.8 0 0 9 0 
154 80 27 13500 7992.0 0 59.2 0 0 0 9 
155 80 27 13500 7992.0 0 59.2 0 0 4 0 
156 90 36 18000 11988.0 0 66.6 9 0 0 0 
157 90 36 18000 9000.0 0 50.0 0 0 10 0 
158 10 29 14500 783.0 0 5.4 0 7 0 0 
159 10 24 12500 850.0 0 6.8 0 5 0 0 
160 10 22 11500 943.0 0 8.2 0 2 0 0 
161 10 19 10000 900.0 0 9.0 0 3 0 0 
162 10 18 9000 936.0 0 10.4 0 1 0 0 
163 10 17 8500 935.0 0 11.0 0 1 0 0 
164 10 16 8500 986.0 0 11.6 0 1 0 0 
165 50 21 10500 6552.0 0 62.4 5 0 0 0 
166 60 21 10500 5985.0 0 57.0 0 0 7 0 
167 70 33 16500 10989.0 0 66.6 12 0 0 0 
168 80 33 16500 7986.0 0 48.4 0 0 7 0 
169 85 33 16500 8481.0 0 51.4 0 0 0 15 
170 85 33 16500 8481.0 0 51.4 0 0 10 0 
171 85 33 16500 8481.0 0 51.4 0 0 15 0 
172 60 28 14000 5068.0 0 36.2 0 5 0 0 
173 60 28 14000 5992.0 0 42.8 0 0 2 7 
174 60 28 14000 5992.0 0 42.8 0 0 9 0 
175 50 25 12500 4450.0 0 35.6 0 3 0 0 
176 30 23 12000 2880.0 0 24.0 0 2 0 0 
177 30 22 11500 2990.0 0 26.0 0 1 0 0 
178 70 31 15500 9858.0 0 63.6 9 0 0 0 
179 73 31 15500 7285.0 0 47.0 0 0 5 0 
180 75 31 15500 7471.0 0 48.2 0 0 0 7 
181 76 31 15500 7595.0 0 49.0 0 0 0 7 
182 77 31 15500 7688.0 0 49.6 0 0 0 18 
183 78 31 15500 7781.0 0 50.2 0 0 0 11 
184 50 27 13500 4347.000000000001 0 32.20000000000001 0 4 0 0 
185 10 23 12000 888.0 0 7.4 0 4 0 0 
186 10 21 11000 946.0 0 8.6 0 2 0 0 
187 10 21 10500 987.0 0 9.4 0 0 0 0 
188 10 19 9500 893.0 0 9.4 0 2 0 0 
189 10 19 9500 988.0 0 10.4 0 0 0 0 
190 10 19 9500 988.0 0 10.4 0 0 0 0 
191 10 18 9000 936.0 0 10.4 0 1 0 0 
192 10 18 9000 990.0 0 11.0 0 0 0 0 
193 10 18 9000 990.0 0 11.0 0 0 0 0 
194 10 17 9000 990.0 0 11.0 0 1 0 0 
195 10 17 8500 986.0 0 11.6 0 0 0 0 
196 10 17 8500 986.0 0 11.6 0 0 0 0 
197 50 17 8500 4998.0 0 58.8 0 0 0 4 
198 100 23 11500 11500.0 2024 100.0 6 0 0 0 
199 100 33 16500 15840.0 506 96.0 10 0 0 0 
200 100 50 25000 15656.0 0 62.624 17 0 0 0 
201 100 50 25000 10000.0 0 40.0 0 0 17 0 
202 100 50 25000 10000.0 0 40.0 0 0 21 0 
203 100 50 25000 10000.0 0 40.0 0 0 10 0 
204 100 50 25000 10000.0 0 40.0 0 0 15 0 
205 100 50 25000 10000.0 0 40.0 0 0 14 0 
206 100 50 25000 10000.0 0 40.0 0 0 21 0 
207 100 50 25000 10000.0 0 40.0 0 0 16 0 
208 100 50 25000 10000.0 0 40.0 0 0 16 0 
209 100 50 25000 10000.0 0 40.0 0 0 16 0 
210 100 50 25000 10000.0 0 40.0 0 0 8 0 
211 100 50 25000 10000.0 0 40.0 0 0 11 0 
212 99 44 22000 8712.0 0 39.6 0 6 0 0 
213 98 44 22000 9768.0 0 44.4 0 0 0 8 
214 97 44 22000 9680.0 0 44.0 0 0 12 0 
215 96 44 22000 9592.0 0 43.6 0 0 13 0 
216 95 44 22000 9460.0 0 43.0 0 0 12 0 
217 94 44 22000 9372.0 0 42.6 0 0 11 0 
218 93 44 22000 9284.0 0 42.2 0 0 16 0 
219 92 44 22000 9196.0 0 41.8 0 0 11 0 
220 91 44 22000 9064.0 0 41.2 0 0 9 0 
221 90 44 22000 8976.0 0 40.8 0 0 16 0 
222 89 44 22000 8888.0 0 40.4 0 0 9 0 
223 88 44 22000 8800.0 0 40.0 0 0 13 0 
224 87 39 19500 7683.0 0 39.4 0 5 0 0 
225 86 39 19500 8580.0 0 44.0 0 0 0 11 
226 85 39 19500 8463.0 0 43.4 0 0 14 0 
227 84 39 19500 8385.0 0 43.0 0 0 9 0 
228 83 39 19500 8268.0 0 42.4 0 0 9 0 
229 82 39 19500 8190.0 0 42.0 0 0 12 0 
230 81 39 19500 8073.0 0 41.4 0 0 14 0 
231 80 39 19500 7995.0 0 41.0 0 0 12 0 
232 79 39 19500 7878.0 0 40.4 0 0 14 0 
233 78 39 19500 7800.0 0 40.0 0 0 13 0 
234 77 32 16000 6304.0 0 39.4 0 7 0 0 
235 76 32 16000 7584.0 0 47.4 0 0 0 7 
236 75 32 16000 7488.0 0 46.8 0 0 7 0 
237 74 32 16000 7392.0 0 46.2 0 0 10 0 
238 73 32 16000 7296.0 0 45.6 0 0 13 0 
239 72 32 16000 7200.0 0 45.0 0 0 11 0 
240 71 32 16000 7072.0 0 44.2 0 0 5 0 
241 70 32 16000 6976.0 0 43.6 0 0 11 0 
242 69 32 16000 6880.0 0 43.0 0 0 7 0 
243 68 32 16000 6784.0 0 42.4 0 0 11 0 
244 67 32 16000 6688.0 0 41.8 0 0 7 0 
245 66 32 16000 6592.0 0 41.2 0 0 9 0 
246 65 32 16000 6496.0 0 40.6 0 0 9 0 
247 64 32 16000 6400.0 0 40.0 0 0 11 0 
248 63 27 13500 5292.0 0 39.2 0 5 0 0 
249 62 27 13500 6183.0 0 45.8 0 0 0 11 
250 61 27 13500 6075.0 0 45.0 0 0 11 0 
251 60 27 13500 5994.0 0 44.4 0 0 6 0 
252 59 27 13500 5886.0 0 43.6 0 0 4 0 
253 58 27 13500 5778.0 0 42.8 0 0 7 0 
254 57 27 13500 5697.0 0 42.2 0 0 5 0 
255 56 27 13500 5589.0 0 41.4 0 0 3 0 
256 55 27 13500 5481.0 0 40.6 0 0 9 0 
257 54 27 13500 5400.0 0 40.0 0 0 5 0 
258 53 24 12000 4704.0 0 39.2 0 3 0 0 
259 52 24 12000 5184.0 0 43.2 0 0 0 5 
260 51 24 12000 5088.0 0 42.4 0 0 4 0 
261 50 24 12000 4992.0 0 41.6 0 0 4 0 
262 49 24 12000 4896.0 0 40.8 0 0 10 0 
263 48 24 12000 4800.0 0 40.0 0 0 7 0 
264 47 22 11000 4290.0 0 39.0 0 2 0 0 
265 46 22 11000 4598.0 0 41.8 0 0 0 3 
266 45 22 11000 4488.0 0 40.8 0 0 6 0 
267 44 22 11000 4400.0 0 40.0 0 0 6 0 
268 43 21 10500 4095.0 0 39.0 0 1 0 0 
269 42 21 10500 4200.0 0 40.0 0 0 1 5 
270 41 19 9500 3705.0 0 39.0 0 2 0 0 
271 40 19 9500 3990.0 0 42.0 0 0 0 7 
272 39 19 9500 3895.0 0 41.0 0 0 6 0 
273 38 19 9500 3800.0 0 40.0 0 0 10 0 
274 37 18 9000 3492.0 0 38.8 0 1 0 0 
275 36 18 9000 3600.0 0 40.0 0 0 1 5 
276 35 17 8500 3298.0 0 38.8 0 1 0 0 
277 34 17 8500 3400.0 0 40.0 0 0 0 5 
278 33 17 8500 3298.0 0 38.8 0 0 0 0 
279 32 16 8500 3196.0 0 37.6 0 1 0 0 
280 31 16 8000 3088.0 0 38.6 0 0 0 0 
281 30 16 8000 2992.0 0 37.4 0 0 0 0 
282 29 16 8000 2896.0 0 36.2 0 0 0 0 
283 28 16 8000 2800.0 0 35.0 0 0 0 0 
284 27 16 8000 2688.0 0 33.6 0 0 0 0 
285 26 16 8000 2592.0 0 32.4 0 0 0 0 
286 25 16 8000 2496.0 0 31.2 0 0 0 0 
287 24 16 8000 2400.0 0 30.0 0 0 0 0 
288 23 16 8000 2288.0 0 28.6 0 0 0 0 
289 22 16 8000 2192.0 0 27.4 0 0 0 0 
290 21 16 8000 2096.0 0 26.2 0 0 0 0 
291 20 16 8000 2000.0 0 25.0 0 0 0 0 
292 19 16 8000 1888.0 0 23.6 0 0 0 0 
293 18 16 8000 1792.0 0 22.4 0 0 0 0 
294 17 16 8000 1696.0 0 21.2 0 0 0 0 
295 16 16 8000 1600.0 0 20.0 0 0 0 0 
296 15 16 8000 1488.0 0 18.6 0 0 0 0 
297 14 16 8000 1392.0 0 17.4 0 0 0 0 
298 13 16 8000 1296.0 0 16.2 0 0 0 0 
299 12 16 8000 1200.0 0 15.0 0 0 0 0 
300 11 16 8000 1088.0 0 13.6 0 0 0 0 
301 10 16 8000 992.0 0 12.4 0 0 0 0 
302 9 16 8000 896.0 0 11.2 0 0 0 0 
303 8 16 8000 800.0 0 10.0 0 0 0 0 
304 7 16 8000 688.0 0 8.6 0 0 0 0 
305 6 16 8000 592.0 0 7.4 0 0 0 0 
306 5 16 8000 496.0 0 6.2 0 0 0 0 
307 5 16 8000 496.0 0 6.2 0 0 0 0 
308 6 16 8000 592.0 0 7.4 0 0 0 0 
309 7 16 8000 688.0 0 8.6 0 0 0 0 
310 8 16 8000 800.0 0 10.0 0 0 0 0 
311 9 16 8000 896.0 0 11.2 0 0 0 0 
312 10 16 8000 992.0 0 12.4 0 0 0 0 
313 11 16 8000 1088.0 0 13.6 0 0 0 0 
314 12 16 8000 1200.0 0 15.0 0 0 0 0 
315 13 16 8000 1296.0 0 16.2 0 0 0 0 
316 14 16 8000 1392.0 0 17.4 0 0 0 0 
317 15 16 8000 1488.0 0 18.6 0 0 0 0 
318 16 16 8000 1600.0 0 20.0 0 0 0 0 
319 17 16 8000 1696.0 0 21.2 0 0 0 0 
320 18 16 8000 1792.0 0 22.4 0 0 0 0 
321 19 16 8000 1888.0 0 23.6 0 0 0 0 
322 20 16 8000 2000.0 0 25.0 0 0 0 0 
323 21 16 8000 2096.0 0 26.2 0 0 0 0 
324 22 16 8000 2192.0 0 27.4 0 0 0 0 
325 23 16 8000 2288.0 0 28.6 0 0 0 0 
326 24 16 8000 2400.0 0 30.0 0 0 0 0 
327 25 16 8000 2496.0 0 31.2 0 0 0 0 
328 26 16 8000 2592.0 0 32.4 0 0 0 0 
329 27 16 8000 2688.0 0 33.6 0 0 0 0 
330 28 16 8000 2800.0 0 35.0 0 0 0 0 
331 29 16 8000 2896.0 0 36.2 0 0 0 0 
332 30 16 8000 2992.0 0 37.4 0 0 0 0 
333 31 16 8000 3088.0 0 38.6 0 0 0 0 
334 32 16 8000 3200.0 0 40.0 0 0 0 5 
335 33 16 8000 3296.0 0 41.2 0 0 0 4 
336 34 16 8000 3392.0 0 42.4 0 0 0 7 
337 35 16 8000 3488.0 0 43.6 0 0 0 3 
338 36 16 8000 3600.0 0 45.0 0 0 0 3 
339 37 16 8000 3696.0 0 46.2 0 0 0 2 
340 38 16 8000 3792.0 0 47.4 0 0 0 6 
341 39 16 8000 3888.0 0 48.6 0 0 0 4 
342 40 16 8000 4000.0 0 50.0 0 0 0 4 
343 41 16 8000 4096.0 0 51.2 0 0 0 4 
344 42 16 8000 4192.0 0 52.4 0 0 0 4 
345 43 16 8000 4288.0 0 53.6 0 0 0 6 
346 44 16 8000 4400.0 0 55.0 0 0 0 3 
347 45 16 8000 4496.0 0 56.2 0 0 0 5 
348 46 16 8000 4592.0 0 57.4 0 0 0 4 
349 47 16 8000 4688.0 0 58.6 0 0 0 1 
350 48 16 8000 4800.0 0 60.0 0 0 0 6 
351 49 19 9500 5814.0 0 61.2 3 0 0 0 
352 50 19 9500 4997.0 0 52.6 0 0 4 0 
353 51 19 9500 5092.0 0 53.6 0 0 0 6 
354 52 19 9500 5187.0 0 54.6 0 0 0 6 
355 53 19 9500 5282.0 0 55.6 0 0 0 6 
356 54 19 9500 5396.0 0 56.8 0 0 0 5 
357 55 19 9500 5491.0 0 57.8 0 0 0 8 
358 56 19 9500 5586.0 0 58.8 0 0 0 5 
359 57 19 9500 5700.0 0 60.0 0 0 0 7 
360 58 25 12500 7625.0 0 61.0 6 0 0 0 
361 59 25 12500 5900.0 0 47.2 0 0 9 0 
362 60 25 12500 6000.0 0 48.0 0 0 0 6 
363 61 25 12500 6100.0 0 48.8 0 0 0 10 
364 62 25 12500 6200.0 0 49.6 0 0 0 10 
365 63 25 12500 6300.0 0 50.4 0 0 0 9 
366 64 25 12500 6400.0 0 51.2 0 0 0 11 
367 65 25 12500 6500.0 0 52.0 0 0 0 6 
368 66 25 12500 6600.0 0 52.8 0 0 0 7 
369 67 25 12500 6700.0 0 53.6 0 0 0 9 
370 68 25 12500 6800.0 0 54.4 0 0 0 3 
371 69 25 12500 6900.0 0 55.2 0 0 0 7 
372 70 25 12500 7000.0 0 56.0 0 0 0 10 
373 71 25 12500 7100.0 0 56.8 0 0 0 10 
374 72 25 12500 7200.0 0 57.6 0 0 0 6 
375 73 25 12500 7300.0 0 58.4 0 0 0 4 
376 74 25 12500 7400.0 0 59.2 0 0 0 8 
377 75 25 12500 7500.0 0 60.0 0 0 0 6 
378 76 30 15000 9120.0 0 60.8 5 0 0 0 
379 77 30 15000 7680.0 0 51.2 0 0 8 0 
380 78 30 15000 7800.0 0 52.0 0 0 0 8 
381 79 30 15000 7890.0 0 52.6 0 0 0 8 
382 80 30 15000 7980.0 0 53.2 0 0 0 7 
383 81 30 15000 8100.0 0 54.0 0 0 0 10 
384 82 30 15000 8190.0 0 54.6 0 0 0 5 
385 83 30 15000 8280.0 0 55.2 0 0 0 8 
386 84 30 15000 8400.0 0 56.0 0 0 0 14 
387 85 30 15000 8490.0 0 56.6 0 0 0 7 
388 86 30 15000 8580.0 0 57.2 0 0 0 6 
389 87 30 15000 8700.0 0 58.0 0 0 0 10 
390 88 30 15000 8790.0 0 58.6 0 0 0 11 
391 89 30 15000 8880.0 0 59.2 0 0 0 10 
392 90 30 15000 9000.0 0 60.0 0 0 0 8 
393 91 45 22500 13635.0 0 60.6 15 0 0 0 
394 92 45 22500 9180.0 0 40.8 0 0 14 0 
395 93 45 22500 9270.0 0 41.2 0 0 0 16 
396 94 45 22500 9360.0 0 41.6 0 0 0 16 
397 95 45 22500 9495.0 0 42.2 0 0 0 12 
398 96 45 22500 9585.0 0 42.6 0 0 0 13 
399 97 45 22500 9675.0 0 43.0 0 0 0 14 
400 98 45 22500 9765.0 0 43.4 0 0 0 18 
401 99 45 22500 9900.0 0 44.0 0 0 0 15 
