0 100000 6 5000 6000 114000 120 1 0 0 0 100 
1 10000 6 6000 6000 114000 100 0 0 0 0 100 
2 30000 10 6000 10000 154000 166 4 0 0 0 100 
3 100000 14 10000 14000 280000 140 4 0 0 0 100 
4 100000 19 14000 19000 394000 135 5 0 0 0 100 
5 100000 25 19000 25000 494000 131 6 0 0 0 100 
6 100000 39 25000 39000 611000 156 14 0 0 0 100 
7 100000 73 39000 73000 684000 187 34 0 0 0 100 
8 100000 115 73000 115000 684000 157 42 0 0 0 100 
9 100000 130 115000 73000 611000 63 31 16 0 0 86 
10 100000 126 130000 39000 572000 30 16 20 0 0 76 
11 100000 120 126000 39000 533000 30 18 24 0 0 79 
12 500000 190 120000 190000 1103000 158 70 0 0 0 100 
13 1000000 312 190000 312000 2351000 164 122 0 0 0 100 
14 1000000 539 312000 539000 3429000 172 227 0 0 0 100 
15 1000000 925 539000 925000 3429000 171 386 0 0 0 100 
16 1000000 1480 925000 1480000 3429000 160 555 0 0 0 100 
17 1000000 1460 1480000 539000 2890000 36 234 254 0 0 67 
18 1000000 1402 1460000 539000 2351000 36 202 260 0 0 68 
19 1000000 1264 1402000 312000 2039000 22 130 268 0 0 71 
20 1000000 1138 1264000 312000 1727000 24 121 247 0 0 79 
21 1000000 1062 1138000 312000 1415000 27 125 201 0 0 87 
22 1000000 966 1062000 312000 1103000 29 114 210 0 0 94 
23 1000000 1612 966000 1612000 1103000 166 646 0 0 0 100 
24 1000000 1369 1612000 190000 913000 11 78 321 0 0 62 
25 1000000 1159 1369000 190000 723000 13 77 287 0 0 73 
26 1000000 991 1159000 190000 533000 16 69 237 0 0 86 
27 300000 802 991000 39000 494000 3 15 204 0 0 30 
28 300000 635 802000 25000 469000 3 9 176 0 0 37 
29 100000 508 635000 25000 444000 3 7 134 0 0 15 
30 50000 391 508000 25000 419000 4 14 131 0 0 9 
31 20000 317 391000 25000 394000 6 10 84 0 0 5 
32 10000 251 317000 19000 375000 5 6 72 0 0 3 
33 10000 208 251000 19000 356000 7 5 48 0 0 3 
34 10000 165 208000 19000 337000 9 8 51 0 0 4 
35 100000 134 165000 19000 318000 11 7 38 0 0 60 
36 200000 221 134000 221000 318000 164 87 0 0 0 100 
37 300000 363 221000 363000 318000 164 142 0 0 0 100 
38 400000 604 363000 604000 318000 166 241 0 0 0 100 
39 500000 473 604000 19000 299000 3 11 142 0 0 82 
40 600000 742 473000 742000 299000 156 269 0 0 0 100 
41 700000 579 742000 19000 280000 2 7 170 0 0 94 
42 800000 976 579000 976000 280000 168 397 0 0 0 100 
43 900000 741 976000 14000 266000 1 3 238 0 0 92 
44 1000000 1242 741000 1242000 266000 167 501 0 0 0 100 
45 960000 958 1242000 14000 252000 1 4 288 0 0 77 
46 970000 1610 958000 1610000 252000 168 652 0 0 0 100 
47 500000 1244 1610000 14000 238000 0 9 375 0 0 31 
48 500000 964 1244000 14000 224000 1 6 286 0 0 40 
49 50000 756 964000 14000 210000 1 7 215 0 0 5 
50 1000000 1212 756000 1212000 210000 160 456 0 0 0 100 
51 50000 925 1212000 14000 196000 1 6 293 0 0 4 
52 1000000 1580 925000 1580000 196000 170 655 0 0 0 100 
53 50000 1198 1580000 14000 182000 0 1 383 0 0 3 
54 1000000 940 1198000 14000 168000 1 6 264 0 0 83 
55 50000 741 940000 14000 154000 1 4 203 0 0 5 
56 1000000 1204 741000 1204000 154000 162 463 0 0 0 100 
57 30000 926 1204000 10000 144000 0 4 282 0 0 2 
58 30000 727 926000 10000 134000 1 4 203 0 0 3 
59 30000 554 727000 10000 124000 1 2 175 0 0 4 
60 30000 428 554000 10000 114000 1 3 129 0 0 5 
61 30000 331 428000 6000 108000 1 3 100 0 0 7 
62 30000 251 331000 6000 102000 1 2 82 0 0 9 
63 30000 204 251000 6000 96000 2 0 47 0 0 11 
64 30000 165 204000 6000 90000 2 2 41 0 0 14 
65 30000 129 165000 6000 84000 3 4 40 0 0 18 
66 30000 102 129000 6000 78000 4 2 29 0 0 23 
67 30000 85 102000 6000 72000 5 3 20 0 0 29 
68 30000 68 85000 6000 66000 7 2 19 0 0 35 
69 30000 55 68000 6000 60000 8 3 16 0 0 44 
70 30000 42 55000 6000 54000 10 0 13 0 0 54 
71 30000 36 42000 6000 48000 14 2 8 0 0 71 
72 30000 29 36000 6000 42000 16 2 9 0 0 83 
73 30000 53 29000 53000 42000 182 24 0 0 0 100 
74 30000 48 53000 6000 36000 11 2 7 0 0 56 
75 500000 72 48000 72000 684000 150 24 0 0 0 100 
76 500000 133 72000 133000 1349000 184 61 0 0 0 100 
77 500000 209 133000 209000 1767000 157 76 0 0 0 100 
78 500000 320 209000 320000 2087000 153 111 0 0 0 100 
79 500000 544 320000 544000 2087000 170 224 0 0 0 100 
80 500000 570 544000 320000 1767000 58 105 79 0 0 91 
81 500000 537 570000 209000 1558000 36 71 104 0 0 87 
82 500000 528 537000 209000 1349000 38 77 86 0 0 93 
83 500000 472 528000 133000 1216000 25 50 106 0 0 94 
84 500000 795 472000 795000 1216000 168 323 0 0 0 100 
85 500000 675 795000 133000 1083000 16 52 172 0 0 62 
86 500000 590 675000 133000 950000 19 48 133 0 0 74 
87 500000 515 590000 133000 817000 22 45 120 0 0 84 
88 500000 462 515000 133000 684000 25 43 96 0 0 97 
89 500000 741 462000 741000 684000 160 279 0 0 0 100 
90 900000 1214 741000 1214000 684000 163 473 0 0 0 100 
91 1000000 956 1214000 72000 612000 5 26 284 0 0 82 
92 1000000 1595 956000 1595000 612000 166 639 0 0 0 100 
93 1000000 1267 1595000 72000 540000 4 30 358 0 0 62 
94 1000000 1013 1267000 72000 468000 5 32 286 0 0 78 
95 1000000 823 1013000 72000 396000 7 28 218 0 0 98 
96 1000000 1406 823000 1406000 396000 170 583 0 0 0 100 
97 1000000 1099 1406000 72000 324000 5 26 333 0 0 71 
98 1000000 883 1099000 72000 252000 6 30 246 0 0 90 
99 1000000 1451 883000 1451000 252000 164 568 0 0 0 100 
100 1000000 1131 1451000 72000 180000 4 24 344 0 0 68 
101 250000 907 1131000 72000 108000 6 33 257 0 0 22 
102 200000 745 907000 72000 36000 7 24 186 0 0 22 
103 200000 574 745000 6000 30000 0 1 172 0 0 26 
104 200000 437 574000 6000 24000 1 1 138 0 0 34 
105 100000 324 437000 6000 18000 1 1 114 0 0 22 
106 100000 249 324000 6000 12000 1 1 76 0 0 30 
107 100000 204 249000 6000 6000 2 3 48 0 0 40 
108 100000 165 204000 6000 0 2 2 41 0 0 49 
109 100000 127 165000 0 0 0 0 38 0 0 60 
110 100000 96 127000 0 0 0 0 31 0 0 78 
111 100000 136 96000 136000 0 141 40 0 0 0 100 
112 100000 106 136000 0 0 0 0 30 0 0 73 
113 100000 81 106000 0 0 0 0 25 0 0 94 
114 100000 160 81000 160000 0 197 79 0 0 0 100 
115 100000 126 160000 0 0 0 0 34 0 0 62 
116 150000 223 126000 223000 0 176 97 0 0 0 100 
117 150000 179 223000 0 0 0 0 44 0 0 67 
118 50000 133 179000 0 0 0 0 46 0 0 27 
119 50000 108 133000 0 0 0 0 25 0 0 37 
120 50000 83 108000 0 0 0 0 25 0 0 46 
121 50000 66 83000 0 0 0 0 17 0 0 60 
122 50000 54 66000 0 0 0 0 12 0 0 75 
123 50000 40 54000 0 0 0 0 14 0 0 92 
124 50000 62 40000 62000 0 155 22 0 0 0 100 
125 50000 51 62000 0 0 0 0 11 0 0 80 
126 50000 39 51000 0 0 0 0 12 0 0 98 
127 50000 53 39000 53000 0 135 14 0 0 0 100 
128 50000 43 53000 0 0 0 0 10 0 0 94 
129 1000000 77 43000 77000 1694000 179 34 0 0 0 100 
130 50000 97 77000 77000 1617000 100 28 8 0 0 64 
131 50000 114 97000 77000 1540000 79 29 12 0 0 51 
132 50000 136 114000 77000 1463000 67 38 16 0 0 43 
133 50000 145 136000 77000 1386000 56 34 25 0 0 36 
134 50000 154 145000 77000 1309000 53 32 23 0 0 34 
135 50000 160 154000 77000 1232000 50 35 29 0 0 32 
136 50000 162 160000 77000 1155000 48 33 31 0 0 31 
137 50000 160 162000 77000 1078000 47 31 33 0 0 30 
138 50000 163 160000 77000 1001000 48 31 28 0 0 31 
139 50000 165 163000 77000 924000 47 31 29 0 0 30 
140 100000 173 165000 77000 847000 46 35 27 0 0 60 
141 100000 171 173000 77000 770000 44 28 30 0 0 57 
142 200000 292 171000 292000 770000 170 121 0 0 0 100 
143 200000 269 292000 77000 693000 26 28 51 0 0 68 
144 300000 445 269000 445000 693000 165 176 0 0 0 100 
145 300000 390 445000 77000 616000 17 33 88 0 0 67 
146 400000 621 390000 621000 616000 159 231 0 0 0 100 
147 400000 513 621000 77000 539000 12 31 139 0 0 64 
148 500000 448 513000 77000 462000 15 29 94 0 0 97 
149 500000 715 448000 715000 462000 159 267 0 0 0 100 
150 600000 601 715000 77000 385000 10 39 153 0 0 83 
151 600000 515 601000 77000 308000 12 29 115 0 0 99 
152 700000 866 515000 866000 308000 168 351 0 0 0 100 
153 700000 714 866000 77000 231000 8 38 190 0 0 80 
154 800000 1178 714000 1178000 231000 164 464 0 0 0 100 
155 800000 933 1178000 77000 154000 6 33 278 0 0 67 
156 900000 766 933000 77000 77000 8 29 196 0 0 96 
157 900000 1334 766000 1334000 77000 174 568 0 0 0 100 
158 100000 1078 1334000 77000 0 5 31 287 0 0 7 
159 100000 847 1078000 0 0 0 0 231 0 0 9 
160 100000 645 847000 0 0 0 0 202 0 0 11 
161 100000 482 645000 0 0 0 0 163 0 0 15 
162 100000 364 482000 0 0 0 0 118 0 0 20 
163 100000 287 364000 0 0 0 0 77 0 0 27 
164 100000 214 287000 0 0 0 0 73 0 0 34 
165 500000 338 214000 338000 338000 157 124 0 0 0 100 
166 600000 551 338000 551000 338000 163 213 0 0 0 100 
167 700000 976 551000 976000 338000 177 425 0 0 0 100 
168 800000 928 976000 338000 0 34 114 162 0 0 81 
169 850000 705 928000 0 0 0 0 223 0 0 91 
170 850000 1179 705000 1179000 0 167 474 0 0 0 100 
171 850000 904 1179000 0 0 0 0 275 0 0 72 
172 600000 698 904000 0 0 0 0 206 0 0 66 
173 600000 537 698000 0 0 0 0 161 0 0 85 
174 600000 908 537000 908000 0 169 371 0 0 0 100 
175 500000 697 908000 0 0 0 0 211 0 0 55 
176 300000 544 697000 0 0 0 0 153 0 0 43 
177 300000 421 544000 0 0 0 0 123 0 0 55 
178 700000 704 421000 704000 0 167 283 0 0 0 100 
179 730000 1182 704000 1182000 0 167 478 0 0 0 100 
180 750000 914 1182000 0 0 0 0 268 0 0 63 
181 760000 714 914000 0 0 0 0 200 0 0 83 
182 770000 1248 714000 1248000 0 174 534 0 0 0 100 
183 780000 959 1248000 0 0 0 0 289 0 0 62 
184 500000 742 959000 0 0 0 0 217 0 0 52 
185 100000 571 742000 0 0 0 0 171 0 0 13 
186 100000 437 571000 0 0 0 0 134 0 0 17 
187 100000 335 437000 0 0 0 0 102 0 0 22 
188 100000 264 335000 0 0 0 0 71 0 0 29 
189 100000 199 264000 0 0 0 0 65 0 0 37 
190 100000 161 199000 0 0 0 0 38 0 0 50 
191 100000 133 161000 0 0 0 0 28 0 0 62 
192 100000 100 133000 0 0 0 0 33 0 0 75 
193 100000 188 100000 188000 0 188 88 0 0 0 100 
194 100000 143 188000 0 0 0 0 45 0 0 53 
195 100000 117 143000 0 0 0 0 26 0 0 69 
196 100000 90 117000 0 0 0 0 27 0 0 85 
