0 100000 6 5000 6000 114000 120 1 0 0 0 100 
1 10000 10 6000 10000 114000 166 4 0 0 0 100 
2 30000 21 10000 21000 156000 210 11 0 0 0 100 
3 100000 57 21000 57000 327000 271 36 0 0 0 100 
4 100000 139 57000 139000 327000 243 82 0 0 0 100 
5 100000 137 139000 57000 270000 41 35 37 0 0 71 
6 100000 151 137000 57000 213000 41 40 26 0 0 72 
7 100000 148 151000 57000 156000 37 30 33 0 0 66 
8 100000 132 148000 21000 135000 14 14 30 0 0 67 
9 100000 114 132000 21000 114000 15 13 31 0 0 75 
10 100000 94 114000 6000 108000 5 4 24 0 0 87 
11 100000 244 94000 244000 108000 259 150 0 0 0 100 
12 500000 609 244000 609000 717000 249 365 0 0 0 100 
13 1000000 1470 609000 1470000 717000 241 861 0 0 0 100 
14 1000000 1562 1470000 609000 108000 41 376 284 0 0 68 
15 1000000 1208 1562000 6000 102000 0 2 356 0 0 64 
16 1000000 940 1208000 6000 96000 0 5 273 0 0 82 
17 1000000 2349 940000 2349000 96000 249 1409 0 0 0 100 
18 1000000 1835 2349000 6000 90000 0 3 517 0 0 42 
19 1000000 1421 1835000 6000 84000 0 3 417 0 0 54 
20 1000000 1093 1421000 6000 78000 0 3 331 0 0 70 
21 1000000 827 1093000 6000 72000 0 4 270 0 0 91 
22 1000000 2077 827000 2077000 72000 251 1250 0 0 0 100 
23 1000000 1611 2077000 6000 66000 0 5 471 0 0 48 
24 1000000 1246 1611000 6000 60000 0 1 366 0 0 62 
25 1000000 960 1246000 6000 54000 0 3 289 0 0 80 
26 1000000 2380 960000 2380000 54000 247 1420 0 0 0 100 
27 300000 1826 2380000 6000 48000 0 3 557 0 0 12 
28 300000 1427 1826000 6000 42000 0 1 400 0 0 16 
29 100000 1130 1427000 6000 36000 0 4 301 0 0 7 
30 50000 874 1130000 6000 30000 0 4 260 0 0 4 
31 20000 681 874000 6000 24000 0 4 197 0 0 2 
32 10000 528 681000 6000 18000 0 3 156 0 0 1 
33 10000 400 528000 6000 12000 1 4 132 0 0 1 
34 10000 323 400000 6000 6000 1 2 79 0 0 2 
35 100000 269 323000 6000 0 1 6 60 0 0 30 
36 200000 208 269000 0 0 0 0 61 0 0 74 
37 300000 465 208000 465000 0 223 257 0 0 0 100 
38 400000 355 465000 0 0 0 0 110 0 0 86 
39 500000 870 355000 870000 0 245 515 0 0 0 100 
40 600000 675 870000 0 0 0 0 195 0 0 68 
41 700000 1593 675000 1593000 0 236 918 0 0 0 100 
42 800000 1225 1593000 0 0 0 0 368 0 0 50 
43 900000 950 1225000 0 0 0 0 275 0 0 73 
44 1000000 2285 950000 2285000 0 240 1335 0 0 0 100 
45 960000 1748 2285000 0 0 0 0 537 0 0 42 
46 970000 1351 1748000 0 0 0 0 397 0 0 55 
47 500000 1025 1351000 0 0 0 0 326 0 0 37 
48 500000 804 1025000 0 0 0 0 221 0 0 48 
49 50000 624 804000 0 0 0 0 180 0 0 6 
50 1000000 1540 624000 1540000 0 246 916 0 0 0 100 
51 50000 1208 1540000 0 0 0 0 332 0 0 3 
52 1000000 926 1208000 0 0 0 0 282 0 0 82 
53 50000 717 926000 0 0 0 0 209 0 0 5 
54 1000000 1680 717000 1680000 0 234 963 0 0 0 100 
55 50000 1281 1680000 0 0 0 0 399 0 0 2 
56 1000000 986 1281000 0 0 0 0 295 0 0 78 
57 30000 749 986000 0 0 0 0 237 0 0 3 
58 30000 578 749000 0 0 0 0 171 0 0 4 
59 30000 444 578000 0 0 0 0 134 0 0 5 
60 30000 334 444000 0 0 0 0 110 0 0 6 
61 30000 259 334000 0 0 0 0 75 0 0 8 
62 30000 197 259000 0 0 0 0 62 0 0 11 
63 30000 150 197000 0 0 0 0 47 0 0 15 
64 30000 110 150000 0 0 0 0 40 0 0 20 
65 30000 85 110000 0 0 0 0 25 0 0 27 
66 30000 68 85000 0 0 0 0 17 0 0 35 
67 30000 56 68000 0 0 0 0 12 0 0 44 
68 30000 45 56000 0 0 0 0 11 0 0 53 
69 30000 36 45000 0 0 0 0 9 0 0 66 
70 30000 29 36000 0 0 0 0 7 0 0 83 
71 30000 98 29000 98000 0 337 69 0 0 0 100 
72 30000 78 98000 0 0 0 0 20 0 0 30 
73 30000 60 78000 0 0 0 0 18 0 0 38 
74 30000 49 60000 0 0 0 0 11 0 0 50 
75 500000 96 49000 96000 864000 195 47 0 0 0 100 
76 500000 242 96000 242000 1832000 252 146 0 0 0 100 
77 500000 609 242000 609000 2441000 251 367 0 0 0 100 
78 500000 887 609000 609000 1832000 100 376 98 0 0 82 
79 500000 848 887000 242000 1590000 27 142 181 0 0 56 
80 500000 820 848000 242000 1348000 28 152 180 0 0 58 
81 500000 815 820000 242000 1106000 29 146 151 0 0 60 
82 500000 796 815000 242000 864000 29 155 174 0 0 61 
83 500000 685 796000 96000 768000 12 53 164 0 0 62 
84 500000 599 685000 96000 672000 14 49 135 0 0 72 
85 500000 530 599000 96000 576000 16 58 127 0 0 83 
86 500000 469 530000 96000 480000 18 60 121 0 0 94 
87 500000 1127 469000 1127000 480000 240 658 0 0 0 100 
88 500000 920 1127000 96000 384000 8 58 265 0 0 44 
89 500000 783 920000 96000 288000 10 57 194 0 0 54 
90 900000 1945 783000 1945000 288000 248 1162 0 0 0 100 
91 1000000 1558 1945000 96000 192000 4 55 442 0 0 51 
92 1000000 1251 1558000 96000 96000 6 58 365 0 0 64 
93 1000000 1030 1251000 96000 0 7 59 280 0 0 79 
94 1000000 804 1030000 0 0 0 0 226 0 0 97 
95 1000000 1992 804000 1992000 0 247 1188 0 0 0 100 
96 1000000 1543 1992000 0 0 0 0 449 0 0 50 
97 1000000 1188 1543000 0 0 0 0 355 0 0 64 
98 1000000 919 1188000 0 0 0 0 269 0 0 84 
99 1000000 2261 919000 2261000 0 246 1342 0 0 0 100 
100 1000000 1740 2261000 0 0 0 0 521 0 0 44 
101 250000 1339 1740000 0 0 0 0 401 0 0 14 
102 200000 1050 1339000 0 0 0 0 289 0 0 14 
103 200000 802 1050000 0 0 0 0 248 0 0 19 
104 200000 635 802000 0 0 0 0 167 0 0 24 
105 100000 483 635000 0 0 0 0 152 0 0 15 
106 100000 373 483000 0 0 0 0 110 0 0 20 
107 100000 287 373000 0 0 0 0 86 0 0 26 
108 100000 218 287000 0 0 0 0 69 0 0 34 
109 100000 170 218000 0 0 0 0 48 0 0 45 
110 100000 136 170000 0 0 0 0 34 0 0 58 
111 100000 101 136000 0 0 0 0 35 0 0 73 
112 100000 82 101000 0 0 0 0 19 0 0 99 
113 100000 191 82000 191000 0 232 109 0 0 0 100 
114 100000 150 191000 0 0 0 0 41 0 0 52 
115 100000 118 150000 0 0 0 0 32 0 0 66 
116 150000 276 118000 276000 0 233 158 0 0 0 100 
117 150000 214 276000 0 0 0 0 62 0 0 54 
118 50000 170 214000 0 0 0 0 44 0 0 23 
119 50000 132 170000 0 0 0 0 38 0 0 29 
120 50000 101 132000 0 0 0 0 31 0 0 37 
121 50000 78 101000 0 0 0 0 23 0 0 49 
122 50000 55 78000 0 0 0 0 23 0 0 64 
123 50000 45 55000 0 0 0 0 10 0 0 90 
124 50000 104 45000 104000 0 231 59 0 0 0 100 
125 50000 86 104000 0 0 0 0 18 0 0 48 
126 50000 69 86000 0 0 0 0 17 0 0 58 
127 50000 52 69000 0 0 0 0 17 0 0 72 
128 50000 40 52000 0 0 0 0 12 0 0 96 
129 1000000 105 40000 105000 2520000 262 65 0 0 0 100 
130 50000 156 105000 105000 2415000 100 63 12 0 0 47 
131 50000 200 156000 105000 2310000 67 69 25 0 0 32 
132 50000 225 200000 105000 2205000 52 63 38 0 0 25 
133 50000 245 225000 105000 2100000 46 65 45 0 0 22 
134 50000 274 245000 105000 1995000 42 73 44 0 0 20 
135 50000 290 274000 105000 1890000 38 65 49 0 0 18 
136 50000 289 290000 105000 1785000 36 62 63 0 0 17 
137 50000 304 289000 105000 1680000 36 65 50 0 0 17 
138 50000 301 304000 105000 1575000 34 53 56 0 0 16 
139 50000 310 301000 105000 1470000 34 66 57 0 0 16 
140 100000 306 310000 105000 1365000 33 59 63 0 0 32 
141 100000 293 306000 105000 1260000 34 57 70 0 0 32 
142 200000 291 293000 105000 1155000 35 58 60 0 0 68 
143 200000 290 291000 105000 1050000 36 57 58 0 0 68 
144 300000 728 290000 728000 1050000 251 438 0 0 0 100 
145 300000 627 728000 105000 945000 14 62 163 0 0 41 
146 400000 553 627000 105000 840000 16 62 136 0 0 63 
147 400000 495 553000 105000 735000 18 60 118 0 0 72 
148 500000 1254 495000 1254000 735000 253 759 0 0 0 100 
149 500000 1007 1254000 105000 630000 8 56 303 0 0 39 
150 600000 849 1007000 105000 525000 10 63 221 0 0 59 
151 600000 720 849000 105000 420000 12 60 189 0 0 70 
152 700000 621 720000 105000 315000 14 61 160 0 0 97 
153 700000 1568 621000 1568000 315000 252 947 0 0 0 100 
154 800000 1288 1568000 105000 210000 6 69 349 0 0 51 
155 800000 1054 1288000 105000 105000 8 55 289 0 0 62 
156 900000 888 1054000 105000 0 9 68 234 0 0 85 
157 900000 2256 888000 2256000 0 254 1368 0 0 0 100 
158 100000 1724 2256000 0 0 0 0 532 0 0 4 
159 100000 1331 1724000 0 0 0 0 393 0 0 5 
160 100000 1031 1331000 0 0 0 0 300 0 0 7 
161 100000 797 1031000 0 0 0 0 234 0 0 9 
162 100000 624 797000 0 0 0 0 173 0 0 12 
163 100000 487 624000 0 0 0 0 137 0 0 16 
164 100000 370 487000 0 0 0 0 117 0 0 20 
165 500000 939 370000 939000 0 253 569 0 0 0 100 
166 600000 719 939000 0 0 0 0 220 0 0 63 
167 700000 564 719000 0 0 0 0 155 0 0 97 
168 800000 1375 564000 1375000 0 243 811 0 0 0 100 
169 850000 1058 1375000 0 0 0 0 317 0 0 61 
170 850000 807 1058000 0 0 0 0 251 0 0 80 
171 850000 2118 807000 2118000 0 262 1311 0 0 0 100 
172 600000 1608 2118000 0 0 0 0 510 0 0 28 
173 600000 1238 1608000 0 0 0 0 370 0 0 37 
174 600000 950 1238000 0 0 0 0 288 0 0 48 
175 500000 730 950000 0 0 0 0 220 0 0 52 
176 300000 566 730000 0 0 0 0 164 0 0 41 
177 300000 442 566000 0 0 0 0 124 0 0 53 
178 700000 1091 442000 1091000 0 246 649 0 0 0 100 
179 730000 851 1091000 0 0 0 0 240 0 0 66 
180 750000 662 851000 0 0 0 0 189 0 0 88 
181 760000 1695 662000 1695000 0 256 1033 0 0 0 100 
182 770000 1330 1695000 0 0 0 0 365 0 0 45 
183 780000 1029 1330000 0 0 0 0 301 0 0 58 
184 500000 799 1029000 0 0 0 0 230 0 0 48 
185 100000 615 799000 0 0 0 0 184 0 0 12 
186 100000 470 615000 0 0 0 0 145 0 0 16 
187 100000 368 470000 0 0 0 0 102 0 0 21 
188 100000 282 368000 0 0 0 0 86 0 0 27 
189 100000 219 282000 0 0 0 0 63 0 0 35 
190 100000 167 219000 0 0 0 0 52 0 0 45 
191 100000 130 167000 0 0 0 0 37 0 0 59 
192 100000 102 130000 0 0 0 0 28 0 0 76 
193 100000 78 102000 0 0 0 0 24 0 0 98 
194 100000 184 78000 184000 0 235 106 0 0 0 100 
195 100000 133 184000 0 0 0 0 51 0 0 54 
196 100000 101 133000 0 0 0 0 32 0 0 75 
